tree
version=v4
num_class=1
num_tree_per_iteration=1
label_index=0
max_feature_idx=55
objective=quantile
feature_names=daylight_length_hr sunrise_day_fraction_utc sunset_day_fraction_utc temp temp_rolling3h temp_min temp_min_rolling3h temp_max temp_max_rolling3h pressure pressure_rolling3h humidity humidity_rolling3h wind_speed wind_speed_rolling3h wind_deg wind_deg_rolling3h rain_1h rain_1h_rolling3h rain_3h rain_3h_rolling3h snow_3h snow_3h_rolling3h clouds_all clouds_all_rolling3h solar_flux_Wm2 solar_flux_Wm2_rolling3h severity month day_of_year date_fraction_of_year day_of_week is_weekend season is_holiday utc_time_day_fraction day_hour_sin day_hour_cos day_of_week_sin day_of_week_cos day_of_year_sin day_of_year_cos month_sin month_cos wx_clear wx_clouds wx_drizzle wx_dust wx_fog wx_haze wx_mist wx_rain wx_smoke wx_snow wx_squall wx_thunderstorm
feature_infos=[9.3596828722609828:14.968733129411385] [0.19410002162982243:0.31163495189900325] [0.69654878201595027:0.81871011031084839] [269.72646691159127:309.90396711280073] [270.65299242019148:309.71861066259777] [268.89369968804601:308.92749021087911] [269.32665650944762:308.62831380393885] [269.72646691159127:313.73456373403258] [270.65299242019148:312.96198277559341] [766.84632627970336:244890.38201182318] [836.29636365775127:243203.46984729479] [19.249089573633061:99.999999999999986] [21.277255594968899:99.313404638227439] [0:19.886087171848004] [0.27367250609567723:11.315541801258044] [0:344.88001392443181] [14.526704245087544:339.7524872426664] [0:4.405107912851479] [0:3.163355462094652] [0:0.12065750398577889] [0:0.04212472235621962] [0:1.1205772508398473] [0:1.1205772508398473] [0:96.351263531536162] [0:94.622869702986307] [0:875.66486422107903] [0:872.68927008715661] [0:4.5344590809815166] -1:1:3:5:7:8:4:6:2:9:12:10:11 [1:366] [0.0027378507871321013:1.0020533880903491] -1:0:3:4:5:6:1:2 [0:1] [0:3] [0:1] [0:0.95833333333333337] [-1:1] [-1:1] [-0.97492791218182362:0.97492791218182362] [-0.90096886790241903:1] [-0.9999994220246925:0.99998555065071859] [-0.99997919295908233:0.9999907524084426] [-1:1] [-1:1] [0:1] [0:1] [0:0.72632749390432283] [0:0.24213528291329262] [0:0.82968275562592209] [0:0.58754747271262941] [0:0.84452486614631483] [0:1] none [0:0.48419221099103016] none [0:0.84452486614631483]
tree_sizes=1484 1538 1364 1367 1468 1463 1464 1543 1375 1538 1457 1469 1476 1292 1359 1345 1473 1544 1201 1475 1311 1273 1290 1288 1300 1285 1451 1363 1554 1514 1369 1306 1104 1115 1225 1349 1551 1469 1275 1467 1366 1390 1299 1445 1309 1391 1362 1281 1197 1471 1198

Tree=0
num_leaves=16
num_cat=2
split_feature=13 29 9 16 1 40 17 28 1 41 1 1 2 28 1
split_gain=180.039 46.2637 45.4094 35.6634 29.2364 27.9401 25.4697 16.2129 27.6091 12.3364 15.5642 12.1601 11.685 10.8945 8.36996
threshold=4.495576091965849 126.50000000000001 1011.5861088988664 263.5348371729695 0.2143644744022927 0.69056404122701587 0.041050875914351588 0 0.29403088672726913 -0.99864786094873803 0.19719531436214235 0.27605419742791787 0.71629301135925816 1 0.20501011229713353
decision_type=2 2 2 2 2 2 2 1 2 2 2 2 2 1 2
left_child=1 3 7 4 -1 12 -5 14 -9 10 -3 -7 -4 -11 -2
right_child=2 9 5 6 -6 11 -8 8 -10 13 -12 -13 -14 -15 -16
leaf_value=9054.3553281667209 8916.9921483171183 8236.1199624017991 9030.5174845787569 8769.0167573579438 8598.97795086732 8986.4629461223067 8983.7931500740706 9267.2398604580158 9241.2133629190048 8510.342671361399 9178.134488634887 9358.1586464482443 8566.1343533987492 8376.7070983241756 8870.2118258301598
leaf_weight=300 42 167 228 379 6075 348 198 508 311 4338 188 94 743 8177 260
leaf_count=300 42 167 228 379 6075 348 198 508 311 4338 188 94 743 8177 260
internal_value=8605.32 8605.31 8605.35 8605.32 8605.32 8605.34 8605.36 8605.38 8605.39 8605.31 8605.34 8605.37 8605.32 8605.31 8605.34
internal_weight=22356 19822 2534 6952 6375 1413 577 1121 819 12870 355 442 971 12515 302
internal_count=22356 19822 2534 6952 6375 1413 577 1121 819 12870 355 442 971 12515 302
cat_boundaries=0 1 2
cat_threshold=2224 3136
is_linear=0
shrinkage=1


Tree=1
num_leaves=16
num_cat=2
split_feature=13 9 29 0 13 40 21 0 0 28 10 28 0 18 9
split_gain=146.869 51.2487 39.6743 29.8225 26.8358 23.2249 18.9418 24.3066 17.6137 15.4865 11.5735 9.43807 16.5061 6.00755 2.52743
threshold=4.3507496643751375 1005.613379147984 155.50000000000003 14.784032240771852 2.8847665040853676 0.68432406471780916 0.0050295676607462923 11.392509279963926 11.348975741552261 0 1012.0918552441268 1 11.605385008596604 0.16364817123701653 979.77255079083068
decision_type=2 2 2 2 2 2 2 2 2 1 2 1 2 2 2
left_child=2 6 3 4 -1 9 7 -2 -7 -3 -5 12 -4 -13 -8
right_child=1 5 11 10 -6 8 14 -9 -10 -11 -12 13 -14 -15 -16
leaf_value=-48.431142368119097 727.09888580774816 -217.75034498230235 -158.45617482910166 -55.979463021413864 150.55310864865012 713.76067273106571 -357.33548544385224 324.79057801015881 335.60628646944656 235.8976782428069 573.79143745950194 -208.12519496014716 657.12057494275939 8.3565112666793659 194.53739966498176
leaf_weight=6087 327 449 2389 35 2292 134 42 215 648 921 151 7749 187 694 36
leaf_count=6087 327 449 2389 35 2292 134 42 215 648 921 151 7749 187 694 36
internal_value=-0.000187521 0.029958 -0.00445445 0.00268906 0.00145887 0.0197458 0.0654043 0.0746825 0.0389861 0.00876324 0.0581068 -0.0100071 -0.00255177 -0.0122641 0.000931957
internal_weight=22356 2772 19584 8565 8379 2152 620 542 782 1370 186 11019 2576 8443 78
internal_count=22356 2772 19584 8565 8379 2152 620 542 782 1370 186 11019 2576 8443 78
cat_boundaries=0 1 2
cat_threshold=132 3072
is_linear=0
shrinkage=0.139927


Tree=2
num_leaves=14
num_cat=2
split_feature=13 10 7 40 28 0 29 0 0 15 1 28 29
split_gain=117.836 52.8196 27.0505 24.539 21.4106 40.4726 19.5567 27.6096 15.3215 12.9799 12.2481 7.3545 3.63531
threshold=3.61142969761912 1011.6521646918956 295.28006459055263 0.99983759474438971 0 10.610372835933651 126.50000000000001 13.897120305775262 12.640368478567412 309.5398094900865 0.20501011229713353 1 155.50000000000003
decision_type=2 2 2 2 1 2 2 2 2 2 2 1 2
left_child=3 4 9 6 5 -2 7 -1 -5 -3 -6 -8 -4
right_child=1 2 12 8 10 -7 11 -9 -10 -11 -12 -13 -14
leaf_value=-21.30939131199402 344.3084905719262 254.94375403620737 122.29370675684548 -90.844102284467766 220.38731895005341 542.38118765467755 -93.434831709303012 399.08148243947437 726.2717631327456 423.01110350421061 235.24219311980929 -161.13705415174206 -99.041121280149582
leaf_weight=5757 412 1475 182 39 115 449 2460 259 60 37 751 9231 1129
leaf_count=5757 412 1475 182 39 115 449 2460 259 60 37 751 9231 1129
internal_value=-0.000506731 0.0195897 0.0077978 -0.00564202 0.0388651 0.054499 -0.00603043 0.000452142 0.0638285 0.0205521 0.0224329 -0.00936627 -0.00691197
internal_weight=22356 4550 2823 17806 1727 861 17707 6016 99 1512 866 11691 1311
internal_count=22356 4550 2823 17806 1727 861 17707 6016 99 1512 866 11691 1311
cat_boundaries=0 1 2
cat_threshold=582 3072
is_linear=0
shrinkage=0.139927


Tree=3
num_leaves=14
num_cat=3
split_feature=13 16 13 40 18 40 28 40 28 40 28 21 51
split_gain=93.0467 43.2851 22.3965 20.7777 20.5553 20.1592 12.1987 17.1587 10.8874 10.4035 8.77932 6.4152 5.25779
threshold=3.1484483948174562 244.24404283935996 5.2648015125473906 0.68432406471780916 0.11247440383783178 0.99983759474438971 0 -0.83377653105606597 1 0.99939377080793557 2 0.0020326750131513514 1.0000000180025095e-35
decision_type=2 2 2 2 2 2 1 2 1 2 1 2 2
left_child=5 2 8 -4 10 6 7 -1 -2 -8 -3 -6 -7
right_child=1 4 3 -5 11 12 9 -9 -10 -11 -12 -13 -14
leaf_value=815.14974732307019 148.67773284761952 28.333575151546963 205.15304773599721 422.51108354410968 488.42759130332161 697.61594521546624 -154.81009272651067 -36.801750982219268 -21.856622995727793 522.36347137664359 328.93421542980377 95.032287923566628 340.67783419510204
leaf_weight=73 1837 188 625 427 239 40 9713 6260 2301 62 515 37 39
leaf_count=73 1837 188 625 427 239 40 9713 6260 2301 62 515 37 39
internal_value=-0.000538026 0.0140847 0.00899412 0.0272245 0.0410718 -0.00611089 -0.00645671 -0.00166067 0.00435942 -0.00955248 0.0283674 0.0734308 0.0644008
internal_weight=22356 6169 5190 1052 979 16187 16108 6333 4138 9775 703 276 79
internal_count=22356 6169 5190 1052 979 16187 16108 6333 4138 9775 703 276 79
cat_boundaries=0 1 2 3
cat_threshold=2094 3118 1800
is_linear=0
shrinkage=0.139927


Tree=4
num_leaves=15
num_cat=1
split_feature=29 16 18 0 0 0 40 41 9 0 28 10 12 36
split_gain=52.3614 36.0733 32.7991 21.0034 20.9702 20.5084 18.5275 11.0182 12.7129 12.1085 11.7865 9.50756 6.05055 1.43429
threshold=126.50000000000001 252.28423209120984 0.045061477144163684 13.897120305775262 10.648803461100565 13.929108357859096 0.99983759474438971 -0.99761278905001471 1011.451057012713 14.918216744876958 0 1028.8576297373152 60.60856244396907 -0.25881904510252113
decision_type=2 2 2 2 2 2 2 2 2 2 1 2 2 2
left_child=1 3 12 6 -4 -5 -1 8 -2 -10 13 -12 -3 -9
right_child=7 2 4 5 -6 -7 -8 10 9 -11 11 -13 -14 -15
leaf_value=23.200542711613615 564.34402734539697 287.75164189282145 131.65188733818175 525.3738131285711 358.18047972658593 192.32028738198332 375.47894979081212 -94.320077867731413 443.18361933635259 -311.88767515878976 -52.841795455457387 -282.34901006217729 3.0567536278177072 -265.6249399300213
leaf_weight=6844 40 194 229 68 319 264 122 735 266 238 10555 979 469 1034
leaf_count=6844 40 194 229 68 319 264 122 735 266 238 10555 979 469 1034
internal_value=-0.000588098 0.00805058 0.0304164 0.00433929 0.0557459 0.0387241 0.0027005 -0.00589658 0.0136221 0.00759588 -0.00669477 -0.00504773 0.0094803 -0.0173071
internal_weight=22356 8509 1211 7298 548 332 6966 13847 544 504 13303 11534 663 1769
internal_count=22356 8509 1211 7298 548 332 6966 13847 544 504 13303 11534 663 1769
cat_boundaries=0 1
cat_threshold=128
is_linear=0
shrinkage=0.139927


Tree=5
num_leaves=15
num_cat=2
split_feature=14 9 14 21 2 40 28 2 40 2 28 40 40 4
split_gain=82.4678 31.0185 27.0379 17.522 18.4741 16.4719 16.4144 17.1566 15.9567 18.0002 11.5868 7.79611 5.61771 1.04792
threshold=4.4609227687488628 1005.613379147984 2.5717996460873578 0.0050295676607462923 0.76396108572138655 0.99983759474438971 0 0.74335212774624493 0.68432406471780916 0.75058249125561061 1 0.82899317702918729 -0.082689790342551819 279.39498706604644
decision_type=2 2 2 2 2 2 1 2 2 2 1 2 2 2
left_child=2 3 5 4 -2 11 7 -4 10 -10 -3 -1 -8 -5
right_child=1 8 6 13 -6 -7 12 -9 9 -11 -12 -13 -14 -15
leaf_value=-138.25205637716874 496.33040716500039 213.87877085265492 172.02857767769819 -275.23339645588999 97.26600952164668 495.4365216716688 -48.585751087458448 386.292366071804 511.33227752678761 236.16460968517552 -86.010645470767585 -2.6701122714029797 33.864822661359852 45.579666866648331
leaf_weight=11117 364 459 1052 47 150 55 2091 135 131 568 684 2362 3106 35
leaf_count=11117 364 459 1052 47 150 55 2091 135 131 568 684 2362 3106 35
internal_value=-0.00070702 0.0235843 -0.00368033 0.0513314 0.0609143 -0.0072211 0.00382605 0.018596 0.0146064 0.0312602 0.00442177 -0.00753293 0.000415974 -0.00873605
internal_weight=22356 2438 19918 596 514 13534 6384 1187 1842 699 1143 13479 5197 82
internal_count=22356 2438 19918 596 514 13534 6384 1187 1842 699 1143 13479 5197 82
cat_boundaries=0 1 2
cat_threshold=2054 2912
is_linear=0
shrinkage=0.139927


Tree=6
num_leaves=15
num_cat=1
split_feature=14 9 14 0 8 2 40 0 40 2 29 28 29 9
split_gain=66.2773 23.6547 23.6321 19.1298 15.0868 14.278 13.5086 13.9323 12.6589 12.4107 11.5276 9.90452 5.89118 1.98125
threshold=4.7840464719937792 1005.613379147984 2.5859776595011872 11.263482853748908 280.95677177255089 0.74429601314198024 0.68432406471780916 11.348975741552261 0.99983759474438971 0.76396108572138655 4.5000000000000009 0 218.50000000000003 981.88366086352414
decision_type=2 2 2 2 2 2 2 2 2 2 2 1 2 2
left_child=2 4 8 5 13 -4 11 -8 10 -6 -1 -3 -5 -2
right_child=1 6 3 12 9 -7 7 -9 -10 -11 -12 -13 -14 -15
leaf_value=252.08294140558564 -269.74873049852397 -108.70699464497224 169.64194321350072 19.534141286301516 433.04274286522178 372.91353831740531 444.11234651049989 221.70446091009723 419.73106621043848 145.74920043603322 -107.5560713339779 205.29161949967707 -106.84780981427815 49.288309578199893
leaf_weight=199 47 552 1409 4064 298 127 106 452 56 102 13359 329 1221 35
leaf_count=199 47 552 1409 4064 298 127 106 452 56 102 13359 329 1221 35
internal_value=-0.000619393 0.0242296 -0.00295534 0.0037672 0.0510586 0.0175127 0.0152431 0.0322783 -0.00632353 0.0622672 -0.00659775 0.00445343 -0.000227686 -0.00361678
internal_weight=22356 1921 20435 6821 482 1536 1439 558 13614 400 13558 881 5285 82
internal_count=22356 1921 20435 6821 482 1536 1439 558 13614 400 13558 881 5285 82
cat_boundaries=0 1
cat_threshold=5254
is_linear=0
shrinkage=0.139927


Tree=7
num_leaves=16
num_cat=0
split_feature=14 13 9 1 30 3 40 0 0 23 0 0 41 17 39
split_gain=50.0791 23.3159 18.1238 22.2771 13.686 12.2376 10.1381 12.4625 10.7392 8.86487 6.55704 40.064 8.71132 5.23406 3.99564
threshold=3.1150352661557261 6.1024259195403507 1004.2829153860487 0.29485354602110464 0.44490075290896652 291.49170725291157 0.99907018497641664 12.640368478567412 14.784032240771852 8.760972667620285 14.22402246062296 14.091895796741577 -0.99864786094873803 1.0000000180025095e-35 -0.22252093395631442
decision_type=2 2 2 2 2 2 2 2 2 2 2 2 2 2 2
left_child=4 5 14 -4 6 9 8 -8 -1 -2 11 -6 -12 -7 -3
right_child=1 2 3 -5 10 13 7 -9 -10 -11 12 -13 -14 -15 -16
leaf_value=-35.557890482703641 223.2867428006418 507.69408139863936 335.07303290433447 -286.31731939152883 -128.34055703680798 -52.422043550288478 -13.72618196162102 427.75012060155859 132.64251079874168 98.178093665265948 145.38753769942321 406.55631490304319 -186.86739390650754 85.515839011759098 334.69033282510856
leaf_weight=6315 504 100 334 191 6496 1598 129 105 559 2558 229 205 2144 827 64
leaf_count=6315 504 100 334 191 6496 1598 129 105 559 2558 229 205 2144 827 64
internal_value=-0.000708959 0.0100105 0.0342728 0.0215886 -0.00480015 0.00696393 -0.000202364 0.0284395 -0.00117738 0.0128447 -0.00840177 -0.00616337 -0.0147226 -0.000461589 0.0748774
internal_weight=22358 6176 689 525 16182 5487 7108 234 6874 3062 9074 6701 2373 2425 164
internal_count=22358 6176 689 525 16182 5487 7108 234 6874 3062 9074 6701 2373 2425 164
is_linear=0
shrinkage=0.139927


Tree=8
num_leaves=14
num_cat=1
split_feature=13 29 0 0 0 0 18 10 28 0 41 7 9
split_gain=35.5536 17.5014 27.7725 14.3197 23.0231 19.3332 12.0776 9.60703 6.12644 7.76861 5.60562 3.50577 0.019959
threshold=5.6344626547993988 155.50000000000003 14.784032240771852 9.662608922941013 10.165654931285504 10.610372835933651 0.013683625304783861 1011.8005088378972 0 10.343377004440809 -0.99864786094873803 284.06983020060414 1012.7295072198599
decision_type=2 2 2 2 2 2 2 2 1 2 2 2 2
left_child=1 2 6 12 11 -6 -1 -4 9 -3 -10 -5 -2
right_child=3 8 7 4 5 -7 -8 -9 10 -11 -12 -13 -14
leaf_value=-46.83608397184409 -243.26502340012883 -31.668211434779579 -80.129827888883341 285.72927601086047 -356.48375814882553 216.30834608185819 59.209396509496685 544.73747763996789 239.26449430102136 320.9623182708861 -87.789272279683061 671.31385149644996 -312.09386367336509
leaf_weight=5161 83 1130 37 42 176 616 4295 166 379 189 9986 63 35
leaf_count=5161 83 1130 37 42 176 616 4295 166 379 189 9986 63 35
internal_value=-0.000965556 -0.00218239 0.00222456 0.0246215 0.0306496 0.0224871 0.0011252 0.0534337 -0.00582557 0.00315435 -0.00696464 0.0922177 -0.0212019
internal_weight=22358 21343 9659 1015 897 792 9456 203 11684 1319 10365 105 118
internal_count=22358 21343 9659 1015 897 792 9456 203 11684 1319 10365 105 118
cat_boundaries=0 1
cat_threshold=2048
is_linear=0
shrinkage=0.139927


Tree=9
num_leaves=16
num_cat=0
split_feature=14 9 13 29 29 2 2 2 2 40 40 42 2 2 2
split_gain=32.5792 14.609 11.7345 15.2745 11.1714 12.621 24.3056 9.71479 16.4432 9.10998 7.99812 7.17595 4.83309 19.7149 5.92906
threshold=3.1605767214961111 1011.451057012713 6.4213359320023589 14.500000000000002 130.50000000000003 0.7928546365339989 0.79559436516583271 0.70473638834575514 0.70012165971392115 0.99983759474438971 0.94425825643485939 -0.93301270189221919 0.74335212774624493 0.73883827249170098 0.76047395136607077
decision_type=2 2 2 2 2 2 2 2 2 2 2 2 2 2 2
left_child=4 2 11 -4 5 9 -7 8 -3 -1 -9 -2 13 -6 -14
right_child=1 7 3 -5 12 6 -8 10 -10 -11 -12 -13 14 -15 -16
leaf_value=-21.000994463936181 206.00543196007339 45.678590005560103 -542.38907999741264 330.10919256344647 -75.486123739143508 383.52930753083456 -288.34628441531066 -19.25914172599272 665.79855443363181 267.41036570300304 125.23492524288669 93.517606238872702 -316.8017450105238 679.38347842483086 -82.700840532168499
leaf_weight=5184 54 123 56 232 3564 179 203 3053 47 77 630 1812 646 140 6358
leaf_count=5184 54 123 56 232 3564 179 203 3053 47 77 630 1812 646 140 6358
internal_value=-0.00112828 0.00768419 0.0169133 0.0432021 -0.00436579 0.000672465 0.0252306 0.00252469 0.0352282 -0.00111068 0.00101514 0.0128558 -0.0070209 -0.00293301 -0.00918273
internal_weight=22358 6007 2154 288 16351 5643 382 3853 170 5261 3683 1866 10708 3704 7004
internal_count=22358 6007 2154 288 16351 5643 382 3853 170 5261 3683 1866 10708 3704 7004
is_linear=0
shrinkage=0.139927


Tree=10
num_leaves=15
num_cat=2
split_feature=13 1 1 1 31 29 39 13 28 17 12 13 10 37
split_gain=22.9293 15.9027 19.584 13.7242 11.9393 9.86564 11.167 8.74402 5.43786 7.90738 7.13698 5.42784 4.6664 1.04199
threshold=2.4321115162767222 0.27605419742791787 0.29485354602110464 0.30129284612625568 0 4.5000000000000009 1.0000000180025095e-35 7.3221565792790946 1 0.72492637785632541 86.397991773539786 1.5210669087492146 1012.2653455104324 0.37940952255126048
decision_type=2 2 2 2 1 2 2 2 1 2 2 2 2 2
left_child=5 7 4 -4 -3 6 11 12 9 -7 -10 -1 -2 -8
right_child=1 2 3 -5 -6 8 13 -9 10 -11 -12 -13 -14 -15
leaf_value=367.13190807123999 39.899741011616094 331.34857618387144 -285.75098241913173 161.26385210548185 135.01336504880993 -124.5026646094999 -65.921936337772493 266.5836431692972 -10.983573062516463 459.52811515396536 -201.22484257670249 154.07158805840243 -26.630067139376479 32.519790710912893
leaf_weight=52 2103 476 481 1101 578 4874 56 61 5839 86 1621 45 4946 39
leaf_count=52 2103 476 481 1101 578 4874 56 61 5839 86 1621 45 4946 39
internal_value=-0.00109698 0.00400052 0.0132835 0.00343886 0.0280596 -0.00503612 0.02644 0.000558906 -0.00552271 -0.00911071 -0.00312072 0.059836 0.000102416 -0.00765842
internal_weight=22358 9746 2636 1582 1054 12612 192 7110 12420 4960 7460 97 7049 95
internal_count=22358 9746 2636 1582 1054 12612 192 7110 12420 4960 7460 97 7049 95
cat_boundaries=0 1 2
cat_threshold=35 932
is_linear=0
shrinkage=0.139927


Tree=11
num_leaves=15
num_cat=1
split_feature=14 1 0 14 10 30 39 0 2 14 28 18 10 37
split_gain=20.8118 11.4041 11.5757 10.421 9.3271 8.10331 10.8031 8.00018 7.30093 5.37337 4.61477 8.13028 4.96318 1.07331
threshold=2.1772313109511656 0.27605419742791787 11.014135849340999 6.9987414877589513 993.78115287576713 0.012320328542094456 1.0000000180025095e-35 10.236078030948967 0.75790296952365754 1.5332533535819775 0 0.54318120034224926 1025.9534281187593 0.37940952255126048
decision_type=2 2 2 2 2 2 2 2 2 2 1 2 2 2
left_child=5 3 7 8 -4 6 9 -3 -2 -1 11 -7 -12 -8
right_child=1 2 4 -5 -6 10 13 -9 -10 -11 12 -13 -14 -15
leaf_value=307.63815492579067 -194.68799819405206 176.79039576358292 361.66948427949734 260.01485771013427 154.00329316610697 -159.92752868384193 -61.313512794896425 -32.848985438249159 11.899258613275675 110.72062372705889 -38.046465995191063 621.039647051364 -215.3273860721736 27.969403750610756
leaf_weight=50 938 1638 99 58 250 2463 59 1053 7208 37 6978 50 1438 39
leaf_count=50 938 1638 99 58 250 2463 59 1053 7208 37 6978 50 1438 39
internal_value=-0.000996848 0.00324752 0.0105681 0.000534861 0.0345445 -0.00529087 0.0237493 0.00745857 0.000114045 0.0596369 -0.00578246 -0.011041 -0.00419414 -0.00810934
internal_weight=22358 11244 3040 8204 349 11114 185 2691 8146 87 10929 2513 8416 98
internal_count=22358 11244 3040 8204 349 11114 185 2691 8146 87 10929 2513 8416 98
cat_boundaries=0 1
cat_threshold=388
is_linear=0
shrinkage=0.139927


Tree=12
num_leaves=15
num_cat=1
split_feature=29 2 9 8 38 31 35 17 40 40 40 23 41 24
split_gain=12.4509 12.5824 10.1719 15.0925 7.78578 5.8058 7.36387 5.65389 5.31375 5.12554 9.0128 5.3428 5.06773 4.57669
threshold=94.500000000000014 0.77209844779170467 977.88653113273892 281.68098105378084 -0.8783796973249266 0 0.64583333333333337 0.041050875914351588 -0.66528616069191604 -0.97509794945709805 -0.93545489084327571 4.8043048355998925 -0.99938741687870725 37.420864955640305
decision_type=2 2 2 2 2 1 2 2 2 2 2 2 2 2
left_child=1 2 3 -1 -3 9 12 -4 -8 11 -11 -2 -7 -6
right_child=5 4 7 -5 13 6 8 -9 -10 10 -12 -13 -14 -15
leaf_value=-151.01302339976095 473.59701176561788 -56.446404091866611 -7.9951333916962621 377.25202139852405 282.60570442448557 353.70612368215728 -101.69965397787323 92.707206062526794 32.783626410046601 230.36106391059434 -2.4931381818174314 -202.58657129216468 -110.07686792974488 507.84677740982505
leaf_weight=59 61 45 4244 88 125 117 999 1742 2035 386 5954 471 5997 35
leaf_count=59 61 45 4244 88 125 117 999 1742 2035 386 5954 471 5997 35
internal_value=-0.00099059 0.00425916 0.0031193 0.0394836 0.0383601 -0.00306756 -0.00537338 0.00222628 0.000256398 9.74581e-06 0.00111675 -0.0131824 -0.00817589 0.0528219
internal_weight=22358 6338 6133 147 205 16020 9148 5986 3034 6872 6340 532 6114 160
internal_count=22358 6338 6133 147 205 16020 9148 5986 3034 6872 6340 532 6114 160
cat_boundaries=0 1
cat_threshold=70
is_linear=0
shrinkage=0.139927


Tree=13
num_leaves=13
num_cat=1
split_feature=14 30 0 30 40 39 28 0 40 41 7 37
split_gain=17.0853 13.4734 10.374 9.43513 9.3716 9.2362 8.91614 8.81978 3.99941 3.8585 2.05668 1.05529
threshold=1.7631593257855498 0.98699520876112257 9.3874103323112355 0.012320328542094456 0.99983759474438971 1.0000000180025095e-35 0 12.255394788745496 -0.97113884758256674 0.98332250088165762 277.77381025281954 0.25881904510252057
decision_type=2 2 2 2 2 2 1 2 2 2 2 2
left_child=3 6 -3 5 9 10 7 -2 -8 -5 -1 -7
right_child=1 2 -4 4 -6 11 8 -9 -10 -11 -12 -13
leaf_value=269.13487688207641 65.820652011281453 636.00306688827072 139.18161190290959 -102.53298304746062 298.90284250276443 -41.105861922660409 -167.84631075286339 143.08262879455145 -2.2081978425385809 -265.09198382695303 225.17690844107287 29.641370729054977
leaf_weight=35 4610 43 63 6924 38 43 718 408 8852 554 35 35
leaf_count=35 4610 43 63 6924 38 43 718 408 8852 554 35 35
internal_value=-0.000965556 0.00182797 0.0515346 -0.00632153 -0.00701048 0.0286656 0.00146679 0.00623713 -0.00103995 -0.00736271 0.0655647 -0.00444807
internal_weight=22358 14694 106 7664 7516 148 14588 5018 9570 7478 70 78
internal_count=22358 14694 106 7664 7516 148 14588 5018 9570 7478 70 78
cat_boundaries=0 1
cat_threshold=2062
is_linear=0
shrinkage=0.139927


Tree=14
num_leaves=14
num_cat=0
split_feature=14 29 0 29 39 51 0 21 2 0 9 3 37
split_gain=14.214 9.8283 8.92814 8.12301 9.17327 7.54467 5.89399 5.82474 4.11773 14.1785 4.10026 1.01355 0.787855
threshold=1.7631593257855498 360.50000000000006 9.3874103323112355 4.5000000000000009 1.0000000180025095e-35 1.0000000180025095e-35 14.208431473761749 1.0000000180025095e-35 0.6973562949512272 9.5284244188359057 1025.2057028264267 276.77244832184584 0.1294095225512602
decision_type=2 2 2 2 2 2 2 2 2 2 2 2 2
left_child=3 5 -3 4 11 6 -2 -7 9 -5 -10 -1 -6
right_child=1 2 -4 8 12 7 -8 -9 10 -11 -12 -13 -14
leaf_value=218.13495020596497 15.62484849413501 513.79699726285241 99.674529212215916 -202.90376695713141 -63.882297855579687 50.111615602657352 -64.275686377713825 -167.8756832074364 -86.232791131835583 351.36529504299375 -208.54887766851067 242.83726563241007 11.498354847594211
leaf_weight=36 5907 42 63 301 44 5969 2547 186 6084 137 1018 37 36
leaf_count=36 5907 42 63 301 44 5969 2547 186 6084 137 1018 37 36
internal_value=-0.000962445 0.00158584 0.0442428 -0.00583643 0.0260826 0.00127924 -0.00143402 0.00500597 -0.00648413 0.0066831 -0.0072962 0.0619502 -0.00664566
internal_weight=22407 14714 105 7693 153 14609 8454 6155 7540 438 7102 73 80
internal_count=22407 14714 105 7693 153 14609 8454 6155 7540 438 7102 73 80
is_linear=0
shrinkage=0.139927


Tree=15
num_leaves=14
num_cat=0
split_feature=14 29 10 51 0 40 29 39 0 1 7 5 45
split_gain=11.1256 8.47004 7.61628 11.8636 7.47518 5.90699 5.89829 6.92338 4.02592 7.88183 3.1677 1.52321 0.989452
threshold=1.9063596413182793 360.50000000000006 976.43536660642519 0.16289618911388162 9.3874103323112355 -0.67803021058859225 4.5000000000000009 1.0000000180025095e-35 14.926749891514442 0.19598897204287505 280.14178315954405 288.74591179480092 0.3529115998950883
decision_type=2 2 2 2 2 2 2 2 2 2 2 2 2
left_child=6 2 3 -2 -3 -4 7 10 9 -8 -1 -10 -9
right_child=1 4 5 -5 -6 -7 8 12 11 -11 -12 -13 -14
leaf_value=181.13360849702792 379.85763614498677 426.96819186773615 -58.799404645552791 98.011654812290814 85.806281537362622 22.420461398109548 84.081913170901586 8.7698618004345121 33.870738500451665 -78.303463450157977 206.6038385983129 -370.13387494118064 -130.15657961749545
leaf_weight=42 47 40 2574 117 50 10647 295 38 37 8084 38 350 48
leaf_count=42 47 40 2574 117 50 10647 295 38 37 8084 38 350 48
internal_value=-0.000856284 0.00168223 0.00139455 0.0313636 0.0444648 0.0010228 -0.00468594 0.0214438 -0.00518076 -0.0045363 0.0510724 -0.019134 -0.00611693
internal_weight=22407 13475 13385 164 90 13221 8932 166 8766 8379 80 387 86
internal_count=22407 13475 13385 164 90 13221 8932 166 8766 8379 80 387 86
is_linear=0
shrinkage=0.139927


Tree=16
num_leaves=15
num_cat=2
split_feature=18 0 1 38 2 0 13 0 0 2 24 28 28 35
split_gain=9.39897 8.78475 44.6248 21.3681 10.7913 8.63017 7.17575 6.77295 9.02718 5.80332 5.68631 6.43309 5.96961 0.760161
threshold=0.013683625304783861 14.208431473761749 0.21590096914514181 0.6078576107927941 0.77637157906002929 14.625206826859442 6.5803569959952304 9.6866592376612832 10.165654931285504 0.81594456128095816 57.769712371959379 0 1 0.85416666666666685
decision_type=2 2 2 2 2 2 2 2 2 2 2 1 1 2
left_child=1 2 3 -1 -4 13 10 -8 -9 -7 12 -12 -2 -3
right_child=6 5 4 -5 -6 9 7 8 -10 -11 11 -13 -14 -15
leaf_value=288.43844639166736 -11.612608431517259 -196.22141458599845 -11.828732295277408 455.91000589223341 -129.8361827120942 22.788098076690709 -749.14849925299154 394.12367648433036 126.66199370100072 -85.222626369777387 93.72837888706357 -174.12403039998972 67.04602331106264 -106.26398409858064
leaf_weight=513 3120 1151 7012 228 2117 1010 55 51 239 1356 297 957 4147 154
leaf_count=513 3120 1151 7012 228 2117 1010 55 51 239 1356 297 957 4147 154
internal_value=-0.00069392 -0.00301285 -0.000839273 0.0321849 -0.00351985 -0.0088568 0.00284776 0.0226314 0.0311696 -0.00381809 0.00204675 -0.00665484 0.00354831 -0.0179921
internal_weight=22407 13541 9870 741 9129 3671 8866 345 290 2366 8521 1254 7267 1305
internal_count=22407 13541 9870 741 9129 3671 8866 345 290 2366 8521 1254 7267 1305
cat_boundaries=0 1 2
cat_threshold=4100 4944
is_linear=0
shrinkage=0.139927


Tree=17
num_leaves=16
num_cat=0
split_feature=41 0 39 10 32 12 10 2 2 9 40 0 10 39 9
split_gain=6.93309 13.1567 13.2178 8.74946 8.27505 7.60834 7.04163 10.1368 10.0235 6.45476 9.35928 5.84373 1.54172 3.08063 1.40755
threshold=0.44312301391210612 11.014135849340999 0.81174490092936691 1009.2154083338643 1.0000000180025095e-35 83.280612092822778 1028.5533493003743 0.729461768728077 0.72588441871104525 1011.451057012713 0.9893236546938301 14.918216744876958 976.43536660642519 -0.56174490092936669 994.51012467091721
decision_type=2 2 2 2 2 2 2 2 2 2 2 2 2 2 2
left_child=5 6 4 -4 -3 9 7 -2 -8 10 -1 -11 13 -7 -14
right_child=1 2 3 -5 -6 12 8 -9 -10 11 -12 -13 14 -15 -16
leaf_value=17.929641718314471 73.497738885328204 182.25569711307764 484.46942795973001 103.63431111940871 -93.291552972231713 -208.35228970075389 -164.32937027764243 -137.84593287391226 245.04414832396947 -20.679123056901915 392.26475240251676 -191.70575831358701 -250.14405469639775 181.4345665618539 -115.13039614344402
leaf_weight=2408 4022 464 42 48 177 35 1165 1182 166 10406 132 948 430 36 746
leaf_count=2408 4022 464 42 48 177 35 1165 1182 166 10406 132 948 430 36 746
internal_value=-0.000675186 0.00287786 0.0206807 0.0708954 0.0136302 -0.00238026 0.000886438 0.00320937 -0.00819581 -0.00144056 0.00493597 -0.00286705 -0.0128503 0.00717273 -0.0140592
internal_weight=22407 7266 731 90 641 15141 6535 5204 1331 13894 2540 11354 1247 71 1176
internal_count=22407 7266 731 90 641 15141 6535 5204 1331 13894 2540 11354 1247 71 1176
is_linear=0
shrinkage=0.139927


Tree=18
num_leaves=12
num_cat=0
split_feature=14 24 40 40 24 0 10 40 1 38 35
split_gain=9.52925 6.95833 8.66456 6.85133 5.83455 5.81962 5.52951 3.22263 2.37941 1.60476 0.206541
threshold=1.9063596413182793 2.6575169950741131 -0.97113884758256674 0.99983759474438971 57.769712371959379 11.780160107788744 976.43536660642519 -0.96235977360714686 0.19449515595029715 -0.8783796973249266 0.81250000000000011
decision_type=2 2 2 2 2 2 2 2 2 2 2
left_child=3 7 9 4 5 -1 -4 -2 -9 -3 -6
right_child=1 2 6 -5 10 -7 -8 8 -10 -11 -12
leaf_value=2.1928414930082116 550.06452167303985 42.55219250428285 139.37485434640175 257.91848355110682 -270.45599544811455 -96.168817165965848 25.163195624593101 49.067178460112522 -117.75403559505509 -161.69938574659301 -158.7068772638394
leaf_weight=3897 40 84 142 44 340 4586 11588 79 1014 528 65
leaf_count=3897 40 84 142 44 340 4586 11588 79 1014 528 65
internal_value=-0.000781347 0.001568 0.00253141 -0.00432563 -0.00459831 -0.00381495 0.00337827 -0.0089266 -0.0103543 -0.0136999 -0.0210061
internal_weight=22407 13475 12342 8932 8888 8483 11730 1133 1093 612 405
internal_count=22407 13475 12342 8932 8888 8483 11730 1133 1093 612 405
is_linear=0
shrinkage=0.139927


Tree=19
num_leaves=15
num_cat=0
split_feature=13 40 33 40 15 24 17 40 25 45 32 13 38 10
split_gain=6.82096 5.61232 7.37108 6.3977 6.01554 4.55223 4.77767 10.3393 5.39205 2.74564 1.65914 1.32246 1.12145 0.411053
threshold=2.1752124776785924 -0.97509794945709805 2.5000000000000004 -0.67803021058859225 156.59571633814957 55.187318548992067 0.046775212537491444 0.98802474685579855 1.0000000180025095e-35 1.0000000180025095e-35 1.0000000180025095e-35 1.6949078029752709 -0.8783796973249266 1023.2208232411609
decision_type=2 2 2 2 2 2 2 2 2 2 2 2 2 2
left_child=5 9 3 -3 -4 6 8 -8 -1 -2 13 -12 -11 -7
right_child=1 2 4 -5 -6 10 7 -9 -10 12 11 -13 -14 -15
leaf_value=-5.6824442468866474 566.08170245492158 -106.06159723228276 -43.420214054410273 17.296349834047685 179.46735031331227 -278.91866453612096 14.236111376866431 385.62281452094277 -106.93332353679826 -16.148450115664858 -183.41163171866714 38.815449350925284 -212.90138815688303 -145.51955889277355
leaf_weight=5378 44 576 378 8991 990 405 1234 95 3724 55 84 69 325 59
leaf_count=5378 44 576 378 8991 990 405 1234 95 3724 55 84 69 325 59
internal_value=-0.000750123 0.00165758 0.00227004 0.000896269 0.0118773 -0.00322561 -0.0025348 0.00530221 -0.00367911 -0.0141377 -0.0149042 -0.00226765 -0.0179694 -0.0190709
internal_weight=22407 11359 10935 9567 1368 11048 10431 1329 9102 424 617 153 380 464
internal_count=22407 11359 10935 9567 1368 11048 10431 1329 9102 424 617 153 380 464
is_linear=0
shrinkage=0.139927


Tree=20
num_leaves=13
num_cat=1
split_feature=14 29 0 24 40 24 40 28 17 2 23 10
split_gain=6.59869 7.24761 6.70598 6.07306 7.08608 5.12716 5.12334 4.44206 7.59789 6.47686 0.700555 0.182461
threshold=1.7631593257855498 360.50000000000006 9.3874103323112355 2.6575169950741131 -0.97113884758256674 54.032855099678621 -0.96689237009891416 0 0.25336921306922777 0.81636122794762478 45.189334815296426 980.98851670508157
decision_type=2 2 2 2 2 2 2 1 2 2 2 2
left_child=5 3 -3 6 -5 7 -2 9 -9 -1 -7 -12
right_child=1 2 -4 4 -6 10 -8 8 -10 -11 11 -13
leaf_value=20.004690717815809 484.18946363287756 400.98569576486113 59.15044713021036 -121.11719569453716 19.073130853814089 -128.65159350947198 -82.608404310195738 -93.461048111328253 517.73840363978888 -333.03888230613808 -220.94259905204223 -203.07890484170963
leaf_weight=3432 36 42 63 689 12602 49 1282 3412 47 330 35 388
leaf_count=3432 36 42 63 689 12602 49 1282 3412 47 330 35 388
internal_value=-0.000787592 0.000948686 0.0375797 0.000685402 0.00158381 -0.00410849 -0.00837432 -0.00318492 -0.00679423 0.00015133 -0.0182378 -0.0200725
internal_weight=22407 14714 105 14609 13291 7693 1318 7221 3459 3762 472 423
internal_count=22407 14714 105 14609 13291 7693 1318 7221 3459 3762 472 423
cat_boundaries=0 1
cat_threshold=3658
is_linear=0
shrinkage=0.139927


Tree=21
num_leaves=13
num_cat=0
split_feature=0 0 2 0 2 17 10 19 10 2 26 10
split_gain=6.59504 6.93164 19.9149 8.22839 41.1515 7.25965 6.4617 3.26707 1.36888 1.72826 0.743503 0.236884
threshold=14.958737943598278 14.778180654549983 0.81235773316993465 14.208431473761749 0.80306038617021225 1.0000000180025095e-35 998.42846422827631 0.001550081001554237 985.41903256401054 0.818562879543696 518.21557065683874 1020.7234542589691
decision_type=2 2 2 2 2 2 2 2 2 2 2 2
left_child=1 3 10 4 -1 -5 -4 8 9 -2 -3 -10
right_child=7 2 6 5 -6 -7 -8 -9 11 -11 -12 -13
leaf_value=-7.6306144332501962 120.25868958667009 612.55042630667515 -255.47185124639327 -134.07470087956551 415.06534116893806 12.488064598626874 48.927570029200233 50.863080097331668 -253.29181256008317 -407.39604742091552 693.24672426738402 -278.51433773308048
leaf_weight=16544 35 35 195 2091 276 807 1914 35 411 35 36 35
leaf_count=16544 35 35 195 2091 276 807 1914 35 411 35 36 35
internal_value=-0.000665944 -0.000285503 0.0072017 -0.00111328 7.32e-05 -0.00799965 0.00474778 -0.0157854 -0.0185917 -0.000398809 0.0800923 -0.0214469
internal_weight=22449 21898 2180 19718 16820 2898 2109 551 516 70 71 446
internal_count=22449 21898 2180 19718 16820 2898 2109 551 516 70 71 446
is_linear=0
shrinkage=0.139927


Tree=22
num_leaves=13
num_cat=0
split_feature=0 40 40 0 0 0 10 51 19 25 10 38
split_gain=5.7133 6.24465 11.1759 20.7181 8.46212 12.8992 6.89329 6.43538 2.62818 3.23335 0.931686 0.0714092
threshold=14.958737943598278 -0.66528616069191604 -0.51297808981038739 14.091895796741577 13.040701258582024 12.999589072999493 1011.4985704977696 1.0000000180025095e-35 0.00033877916885855593 342.11309450890968 985.41903256401054 0.87837969732492682
decision_type=2 2 2 2 2 2 2 2 2 2 2 2
left_child=1 4 3 -3 5 -1 -6 -4 10 -10 -2 -12
right_child=8 2 7 -5 6 -7 -8 -9 9 -11 11 -13
leaf_value=-32.392602010610467 -147.10110698181177 37.551047016781439 -24.519837916472895 356.98661818703636 83.056255570822358 887.50700101621396 -140.92309608849956 33.014898056143849 61.283071708497943 -39.615974128153866 -244.11382534322414 -220.58836287317405
leaf_weight=3861 56 962 9497 276 41 69 1318 5874 45 54 347 49
leaf_count=3861 56 962 9497 276 41 69 1318 5874 45 54 347 49
internal_value=-0.00069711 -0.000343012 0.000990406 0.0137801 -0.00453035 -0.00123903 -0.0140482 -3.96895e-05 -0.0147696 0.00587905 -0.0192924 -0.0216814
internal_weight=22449 21898 16609 1238 5289 3930 1359 15371 551 99 452 396
internal_count=22449 21898 16609 1238 5289 3930 1359 15371 551 99 452 396
is_linear=0
shrinkage=0.139927


Tree=23
num_leaves=13
num_cat=2
split_feature=14 16 10 1 12 41 41 16 5 24 31 31
split_gain=5.64672 8.02988 9.05699 8.85785 4.71493 6.15802 9.80015 6.53747 2.54556 1.93106 3.7359 2.13684
threshold=5.9698189833828943 164.96603170838765 993.78115287576713 0.29403088672726913 86.675396377275163 0.44312301391210612 0.57605713708605411 121.10123250361943 285.01647174169403 40.490411476531087 0 1
decision_type=2 2 2 2 2 2 2 2 2 2 1 1
left_child=4 -2 8 -4 5 7 -7 -1 -3 10 -6 -11
right_child=1 2 3 -5 9 6 -8 -9 -10 11 -12 -13
leaf_value=30.501851722952313 346.10872486678403 102.59945953667291 101.73516910097101 -293.39042176889222 74.917325423267897 181.80178794380498 14.264919245626693 -32.028962606762001 349.57649166139635 84.314871640008462 -102.88802308140994 -147.12825988641109
leaf_weight=2825 61 44 337 220 452 784 4524 11277 36 165 754 970
leaf_count=2825 61 44 337 220 452 784 4524 11277 36 165 754 970
internal_value=-0.00069711 0.0116912 0.00704675 0.000723371 -0.00109466 -0.000379194 0.00368321 -0.00190829 0.0510724 -0.00702679 -0.00312799 -0.0111694
internal_weight=22449 698 637 557 21751 19410 5308 14102 80 2341 1206 1135
internal_count=22449 698 637 557 21751 19410 5308 14102 80 2341 1206 1135
cat_boundaries=0 1 2
cat_threshold=13 64
is_linear=0
shrinkage=0.139927


Tree=24
num_leaves=13
num_cat=1
split_feature=0 1 0 19 31 14 1 0 19 10 29 19
split_gain=5.11622 6.92615 16.0933 7.9135 7.80711 4.83566 5.24924 5.12751 2.41855 1.25603 3.55795 0.466615
threshold=14.958737943598278 0.19598897204287505 14.836871879077558 0.00033877916885855593 0 2.7991392232842665 0.19719531436214235 9.662608922941013 0.001550081001554237 986.70972867993351 172.50000000000003 0.00011121855825308195
decision_type=2 2 2 2 1 2 2 2 2 2 2 2
left_child=1 2 3 -1 -4 6 -3 -7 9 10 -2 -11
right_child=8 5 4 -5 -6 7 -8 -9 -10 11 -12 -13
leaf_value=473.8634728622809 123.59652620991761 -353.3123622220387 134.06882261970958 -50.744456912229666 -43.276074719298997 -141.60162908728338 -21.693514998503048 23.798130061942675 38.71099464124763 -217.70502711812063 -351.94575254533748 -108.41626536401266
leaf_weight=167 35 295 269 42 745 402 13314 6664 35 378 61 42
leaf_count=167 35 295 269 42 745 402 13314 6664 35 378 61 42
internal_value=-0.000690877 -0.000355792 0.00987604 0.0452315 0.00258871 -0.000961045 -0.00250303 0.00200878 -0.0140078 -0.0164223 -0.00198158 -0.0197228
internal_weight=22449 21898 1223 209 1014 20675 13609 7066 551 516 96 420
internal_count=22449 21898 1223 209 1014 20675 13609 7066 551 516 96 420
cat_boundaries=0 1
cat_threshold=68
is_linear=0
shrinkage=0.139927


Tree=25
num_leaves=13
num_cat=2
split_feature=0 12 28 40 40 19 23 29 28 16 36 7
split_gain=5.06368 4.81108 6.53708 8.21858 7.37589 2.41855 2.27179 3.21915 2.70152 0.934123 2.57318 0.024867
threshold=14.958737943598278 86.675396377275163 0 0.99865421017599998 -0.99763297024448894 0.001550081001554237 47.056725835533207 309.50000000000006 1 158.12104306834348 -0.5 291.87103189781993
decision_type=2 2 1 2 2 2 2 2 1 2 2 2
left_child=1 2 4 -4 -1 9 7 -3 -8 10 -2 -11
right_child=5 6 3 -5 -6 -7 8 -9 -10 11 -12 -13
leaf_value=604.89484181205444 52.547967439713887 29.839730407888727 -23.756031492190502 225.17372365695414 27.715859362939931 33.294292953289045 27.240560405256222 -128.17877475944942 -146.04514661955562 -291.17405274671574 -160.75351208714864 -236.61404094695257
leaf_weight=155 53 823 11261 252 7890 35 204 554 759 35 183 245
leaf_count=155 53 823 11261 252 7890 35 204 554 759 35 183 245
internal_value=-0.000759441 -0.000426081 0.000291322 -0.00184674 0.0033492 -0.0140078 -0.00642225 -0.00277613 -0.0116358 -0.0164223 -0.00993688 -0.0218883
internal_weight=22449 21898 19558 11513 8045 551 2340 1377 963 516 236 280
internal_count=22449 21898 19558 11513 8045 551 2340 1377 963 516 236 280
cat_boundaries=0 1 2
cat_threshold=7242 2052
is_linear=0
shrinkage=0.139927


Tree=26
num_leaves=15
num_cat=0
split_feature=13 29 0 10 7 0 0 38 24 22 10 10 20 24
split_gain=4.80399 4.20576 12.3925 6.01655 5.8427 4.17807 9.97368 5.96377 4.19143 3.73746 5.20074 0.988907 0.377059 0.113744
threshold=1.7867036330026982 323.50000000000006 9.818161789576596 1029.1234603050518 287.93011071807427 14.926749891514442 14.89703437938036 -1.0000000180025095e-35 50.907914426550775 1.0000000180025095e-35 976.43536660642519 1004.0934501787359 0.00021282281120601763 8.0684802820455097
decision_type=2 2 2 2 2 2 2 2 2 2 2 2 2 2
left_child=5 9 3 -3 -4 6 8 -8 -1 10 -2 -11 13 -7
right_child=1 2 4 -5 -6 12 7 -9 -10 11 -12 -13 -14 -15
leaf_value=-26.292551444150845 141.09815817721139 127.69900370325209 166.85013029972907 -66.67924074326659 574.49642009301215 -255.75244890443747 216.25725869043856 3.8818732730738432 -175.79941068211372 -187.11866357808273 1.8502156239236811 -28.888526132608725 -36.721424596605857 -151.87905239098774
leaf_weight=6993 137 516 35 278 36 179 65 58 597 178 13145 61 43 128
leaf_count=6993 137 516 35 278 36 179 65 58 597 178 13145 61 43 128
internal_value=-0.000703343 0.000829086 0.0102882 0.00527976 0.0662967 -0.00343751 -0.00275898 0.0367672 -0.00339953 0.00022394 0.000536015 -0.0171188 -0.0183902 -0.0201091
internal_weight=22449 14386 865 794 71 8063 7713 123 7590 13521 13282 239 350 307
internal_count=22449 14386 865 794 71 8063 7713 123 7590 13521 13282 239 350 307
is_linear=0
shrinkage=0.139927


Tree=27
num_leaves=14
num_cat=0
split_feature=14 29 0 24 0 0 23 40 40 20 29 4 2
split_gain=4.8939 6.29623 5.97686 5.24651 4.63863 10.3988 3.69955 5.07604 4.11969 0.767249 0.550457 0.975385 0.537017
threshold=1.7947164865851242 360.50000000000006 9.3874103323112355 51.898342301771997 14.918216744876958 14.89703437938036 2.0830259201982924 -0.97876850416056738 -0.98214942551678475 0.00041695897705668576 299.50000000000006 284.40118756916416 0.7915937782273047
decision_type=2 2 2 2 2 2 2 2 2 2 2 2 2
left_child=3 6 -3 4 5 -1 8 -8 -2 -6 12 -12 -5
right_child=1 2 -4 10 9 -7 7 -9 -10 -11 11 -13 -14
leaf_value=-24.179315246252518 380.56513711933445 345.13175810624557 29.729307205195234 -230.46986189872425 -216.39599448222043 415.55857088944748 -118.47677652539475 14.449268908163601 -64.738602456979777 -5.9099634989545349 -110.33197125352541 48.890044610855973 -83.003829681752606
leaf_weight=6911 36 43 55 367 322 91 508 12702 1178 35 101 64 36
leaf_count=6911 36 43 55 367 322 91 508 12702 1178 35 101 64 36
internal_value=-0.000722042 0.000804363 0.0361518 -0.00351837 -0.00251826 -0.001725 0.0005642 0.00124355 -0.006828 -0.0180766 -0.0164758 -0.00966725 -0.0192632
internal_weight=22449 14522 98 7927 7359 7002 14424 13210 1214 357 568 165 403
internal_count=22449 14522 98 7927 7359 7002 14424 13210 1214 357 568 165 403
is_linear=0
shrinkage=0.139927


Tree=28
num_leaves=16
num_cat=0
split_feature=18 41 38 24 38 0 41 29 39 41 44 29 18 4 0
split_gain=4.50758 5.65409 11.7919 7.48513 4.54261 7.4135 21.9446 4.69324 5.89715 4.5843 4.28769 4.20297 3.78488 3.417 3.21572
threshold=0.013683625304783861 -0.99628250747696534 -1.0000000180025095e-35 14.765049910335554 -1.0000000180025095e-35 14.208431473761749 -0.82413948779581736 4.5000000000000009 1.0000000180025095e-35 -0.8611288361322974 0.92226243307315758 118.50000000000001 0.3389619718861655 280.02546574061927 14.662943551920398
decision_type=2 2 2 2 2 2 2 2 2 2 2 2 2 2 2
left_child=4 2 3 -2 7 6 -6 8 -1 -7 13 -9 -4 -3 -12
right_child=1 10 12 -5 5 9 -8 11 -10 -11 14 -13 -14 -15 -16
leaf_value=206.46920315613815 457.67517998544463 -68.649290846626045 266.62299996259952 25.431353047412205 418.01118402022945 -28.854645257711475 9.0870507752733687 -129.76421780745866 -93.189202812136642 -225.43325918461991 122.58773308429421 -32.510686127179788 -172.02256414383527 6.2301618069515756 -80.986948894604282
leaf_weight=54 76 733 38 45 184 1635 5560 1495 35 526 534 4009 108 7294 105
leaf_count=54 76 733 38 45 184 1635 5560 1495 35 526 534 4009 108 7294 105
internal_value=-0.000860608 0.00157767 0.0216333 0.0539348 -0.00247427 -0.000315073 0.00231326 -0.00552601 0.0263495 -0.00730128 0.000959744 -0.00604145 -0.00513657 8.15695e-05 0.0119911
internal_weight=22431 8933 267 121 13498 7905 5744 5593 89 2161 8666 5504 146 8027 639
internal_count=22431 8933 267 121 13498 7905 5744 5593 89 2161 8666 5504 146 8027 639
is_linear=0
shrinkage=0.139927


Tree=29
num_leaves=16
num_cat=0
split_feature=29 0 0 10 0 2 6 22 9 41 2 8 23 11 4
split_gain=4.26701 24.9105 16.749 4.85618 8.90742 15.134 4.69335 4.23553 5.68891 3.83639 2.22211 3.638 1.04376 0.394345 0.0563707
threshold=62.500000000000007 11.306136103246555 11.348975741552261 1028.5533493003743 9.8752284746257448 0.70012165971392115 284.44275386096945 0.0042825161601863938 977.88653113273892 0.14888728888808325 0.69938919975787772 283.82485755949 32.581721401905583 69.373529987023616 286.71256543965842
decision_type=2 2 2 2 2 2 2 2 2 2 2 2 2 2 2
left_child=1 7 14 4 5 -2 -4 8 -1 -6 11 -5 -12 -9 -3
right_child=3 2 6 10 9 -7 -8 13 -10 -11 12 -13 -14 -15 -16
leaf_value=175.58094612214904 36.981653228729407 810.80753686928222 292.34646351068596 -104.54443146986945 -7.5330119057408309 375.31956690977506 -302.11135753233776 -307.1889732180673 13.151571775242514 -78.5129213580786 -235.70550129852691 88.438686229808923 4.1635817742238146 -91.32522665322341 862.02615004451729
leaf_weight=110 915 35 35 279 13001 158 36 138 3734 3064 550 212 50 79 35
leaf_count=110 915 35 35 279 13001 158 36 138 3734 3064 550 212 50 79 35
internal_value=-0.000866846 0.00315283 0.0609718 -0.00179343 -0.00121719 0.0111263 0.0130851 0.0011453 0.002219 -0.00204163 -0.0108452 -0.00386423 -0.0165579 -0.0178742 0.109542
internal_weight=22431 4202 141 18229 17138 1073 71 4061 3844 16065 1091 491 600 217 70
internal_count=22431 4202 141 18229 17138 1073 71 4061 3844 16065 1091 491 600 217 70
is_linear=0
shrinkage=0.139927


Tree=30
num_leaves=14
num_cat=0
split_feature=41 0 0 2 8 20 10 10 10 36 2 14 8
split_gain=3.75657 27.0546 13.8147 9.80939 7.22403 7.13576 7.00873 6.02979 5.0962 4.98176 4.02268 1.72819 0.949446
threshold=-0.54940789553007929 13.897120305775262 13.929108357859096 0.79719974499912238 303.98980627875943 8.6866453553476424e-05 1007.005027843381 1017.2636098411681 1019.9627207430671 0.25881904510252091 0.77637157906002929 4.9145006190131708 297.59188227998419
decision_type=2 2 2 2 2 2 2 2 2 2 2 2 2
left_child=3 4 -3 11 10 9 -7 -4 -6 -5 -2 12 -1
right_child=1 2 7 5 8 6 -8 -9 -10 -11 -12 -13 -14
leaf_value=-249.66457633355949 3.9874976004257152 412.60256972311237 70.99500573850311 3.5380049225610466 177.87936410111553 4.1237893616897026 157.60198281145657 355.90940870165957 1002.2844201354837 -60.686592404112432 -79.881816336812477 55.599893357823994 -100.38585951939761
leaf_weight=470 12329 68 139 3502 131 323 227 63 40 2472 1837 50 780
leaf_count=470 12329 68 139 3502 131 323 227 63 40 2472 1837 50 780
internal_value=-0.000742084 0.000583187 0.0444653 -0.00321631 -0.000243214 -0.00100462 0.014247 0.0261008 0.028345 -0.00240877 -0.000588311 -0.0143155 -0.0153359
internal_weight=22431 14607 270 7824 14337 6524 550 202 171 5974 14166 1300 1250
internal_count=22431 14607 270 7824 14337 6524 550 202 171 5974 14166 1300 1250
is_linear=0
shrinkage=0.139927


Tree=31
num_leaves=13
num_cat=2
split_feature=13 37 28 18 15 29 25 20 2 16 24 28
split_gain=3.93404 3.62447 3.15663 5.14156 3.61261 3.07748 2.98579 3.71769 3.2863 2.853 9.28855 2.74031
threshold=1.7867036330026982 0.37940952255126048 0 0.72630477249733316 157.55940575034776 2.5000000000000004 232.34383760530389 0.0076471767486710838 0.6973562949512272 131.50615788260117 12.397038157309597 1
decision_type=2 2 1 2 2 2 2 2 2 2 2 1
left_child=5 2 3 -2 -4 -1 8 -8 -7 10 -3 -11
right_child=1 9 4 -5 -6 6 7 -9 -10 11 -12 -13
leaf_value=161.2384487821322 -34.623581597819985 153.01684967316319 -35.900653189695909 384.02404231355246 43.813099134811743 133.66667860984381 -91.061820956508768 329.19920315475991 -18.362153634390243 -27.503946299401754 -0.94333278226363804 36.50430993024338
leaf_weight=61 4891 346 1525 108 3266 278 2837 42 4847 1029 591 2610
leaf_count=61 4891 346 1525 108 3266 278 2837 42 4847 1029 591 2610
internal_value=-0.000760799 0.000627645 -0.000891869 -0.00334773 0.00167409 -0.00323401 -0.00347264 -0.00707845 -0.00144704 0.00387854 0.010764 0.00210561
internal_weight=22431 14366 9790 4999 4791 8065 8004 2879 5125 4576 937 3639
internal_count=22431 14366 9790 4999 4791 8065 8004 2879 5125 4576 937 3639
cat_boundaries=0 1 2
cat_threshold=440 208
is_linear=0
shrinkage=0.139927


Tree=32
num_leaves=11
num_cat=0
split_feature=21 29 0 0 4 0 9 0 0 0
split_gain=3.95005 4.22447 19.6963 15.3706 4.39795 4.57162 3.56838 2.76211 0.512816 0.0657504
threshold=1.0000000180025095e-35 62.500000000000007 11.306136103246555 11.348975741552261 279.65359085248173 9.8752284746257448 977.88653113273892 12.299519314018371 10.689398870374488 10.165654931285504
decision_type=2 2 2 2 2 2 2 2 2 2
left_child=1 2 6 -4 7 -6 -1 -3 9 -2
right_child=8 4 3 -5 5 -7 -8 -9 -10 -11
leaf_value=145.55881286478984 -38.789943009692578 -143.24576874649588 711.17877499941017 79.204331421552553 51.597800928184071 -13.076167679147206 11.437214757448276 58.464426589164979 -44.435687702256203 -255.71957862221512
leaf_weight=108 47 616 70 71 1534 15999 3738 51 36 161
leaf_count=108 47 616 70 71 1534 15999 3738 51 36 161
internal_value=-0.000667227 -0.000472498 0.00365274 0.0550175 -0.0013762 -0.000951945 0.00176962 -0.0125283 -0.0183737 -0.0210425
internal_weight=22431 22187 3987 141 18200 17533 3846 667 244 208
internal_count=22431 22187 3987 141 18200 17533 3846 667 244 208
is_linear=0
shrinkage=0.139927


Tree=33
num_leaves=11
num_cat=0
split_feature=21 14 0 2 2 41 41 3 35 35
split_gain=3.70911 3.87327 5.67701 5.87193 3.90044 3.98364 1.11274 0.747451 0.61461 0.0585006
threshold=1.0000000180025095e-35 3.0002700301028118 9.662608922941013 0.70235879406923696 0.81863794884685326 -0.99938741687870725 0.99855310097228334 292.93946054710671 0.81250000000000011 0.18750000000000003
decision_type=2 2 2 2 2 2 2 2 2 2
left_child=1 4 6 -4 5 -1 -3 -6 9 -2
right_child=8 2 3 -5 7 -7 -8 -9 -10 -11
leaf_value=287.67683731003427 -84.485634999919228 -164.13241657631261 332.80932098218409 21.404704947859209 -31.406154744081231 -12.919416224287575 61.816381381282774 -192.34789683800821 -76.603960095812909 -199.87365266407446
leaf_weight=73 51 325 122 6021 56 15295 36 259 42 151
leaf_count=73 51 325 122 6021 56 15295 36 259 42 151
internal_value=-0.000642275 -0.000453578 0.00241729 0.00341945 -0.00164418 -0.00132825 -0.0146359 -0.0170575 -0.0178002 -0.0210025
internal_weight=22431 22187 6504 6143 15683 15368 361 315 244 202
internal_count=22431 22187 6504 6143 15683 15368 361 315 244 202
is_linear=0
shrinkage=0.139927


Tree=34
num_leaves=12
num_cat=1
split_feature=21 30 0 0 38 28 6 51 18 37 0
split_gain=3.00501 3.33023 11.8924 10.4952 4.29129 7.11993 5.6731 3.05744 0.5859 0.828317 0.0218129
threshold=1.0000000180025095e-35 0.17111567419575638 11.306136103246555 11.348975741552261 0.6078576107927941 0 296.21126853139214 1.0000000180025095e-35 0.092335992413337925 0.1294095225512602 10.236078030948967
decision_type=2 2 2 2 2 1 2 2 2 2 2
left_child=1 2 7 -4 6 -6 -3 -1 10 -10 -2
right_child=8 4 3 -5 5 -7 -8 -9 9 -11 -12
leaf_value=-22.926902076127135 -195.91297167672693 -39.307461191796307 613.47364800998378 68.968721046563829 131.31891772082204 -6.373754094862413 17.810627043897934 50.002440000113232 -82.465499718623278 7.4837350454625557 -200.13370035298379
leaf_weight=2117 35 10124 70 71 1364 3829 2883 1729 50 43 116
leaf_count=2117 35 10124 70 71 1364 3829 2883 1729 50 43 116
internal_value=-0.000636037 -0.000466192 0.0031965 0.0431088 -0.00126857 0.00213189 -0.00262619 0.00173324 -0.0160798 -0.00734165 -0.0214612
internal_weight=22431 22187 3987 141 18200 5193 13007 3846 244 93 151
internal_count=22431 22187 3987 141 18200 5193 13007 3846 244 93 151
cat_boundaries=0 1
cat_threshold=3136
is_linear=0
shrinkage=0.139927


Tree=35
num_leaves=14
num_cat=0
split_feature=0 10 30 2 0 40 0 1 10 10 2 14 1
split_gain=4.08288 3.23036 6.06623 4.93558 3.99616 3.82644 9.19311 2.95604 2.93304 1.65852 1.50936 0.998467 0.201601
threshold=14.958737943598278 1028.5533493003743 0.98699520876112257 0.6973562949512272 9.3968193454500248 0.49065764355977465 10.273140293585405 0.1943876959942536 1010.5284194782945 1016.5480630156305 0.69938919975787772 3.8144790764177969 0.19461756167377894
decision_type=2 2 2 2 2 2 2 2 2 2 2 2 2
left_child=1 2 3 -1 -4 10 -7 8 -2 -10 -3 12 -9
right_child=7 5 4 -5 -6 6 -8 11 9 -11 -12 -13 -14
leaf_value=147.47942089023425 119.43466517376541 -28.48757678913088 285.31306624154337 -0.30994887839083157 40.947487772389692 289.63714301590528 -127.60314624390448 -89.258991031302173 -174.30846885535308 45.71073449492043 -162.70197838177504 -4.4210459650587781 -224.85338547512799
leaf_weight=342 36 488 39 19988 41 85 154 65 57 42 752 49 295
leaf_count=342 36 488 39 19988 41 85 154 65 57 42 752 49 295
internal_value=-0.000382237 -8.4638e-05 0.000372948 0.000221618 0.0388288 -0.00639931 0.00981214 -0.0123566 0.00559655 -0.00684017 -0.00952399 -0.0182827 -0.0208333
internal_weight=22433 21889 20410 20330 80 1479 239 544 135 99 1240 409 360
internal_count=22433 21889 20410 20330 80 1479 239 544 135 99 1240 409 360
is_linear=0
shrinkage=0.139927


Tree=36
num_leaves=16
num_cat=3
split_feature=37 14 40 40 29 11 28 29 40 10 28 29 31 27 13
split_gain=3.12295 3.45231 4.26758 17.0902 4.00095 3.39615 2.96823 3.63433 3.34079 2.67678 5.5279 3.73321 1.46189 2.89989 1.60555
threshold=0.37940952255126048 2.7835397325308846 0.79904096188274243 0.8697513045430848 16.500000000000004 89.239509648261574 0 260.50000000000006 0.38243310158943505 1012.6551976769886 1 18.500000000000004 2 1.6129802710299745 3.3957994331536061
decision_type=2 2 2 2 2 2 1 2 2 2 1 2 1 2 2
left_child=1 2 4 -4 -1 6 8 -8 -2 10 -3 -11 13 -7 -14
right_child=5 9 3 -5 -6 12 7 -9 -10 11 -12 -13 14 -15 -16
leaf_value=75.823799823656458 41.456710873167793 -21.196715360203612 199.16588664133639 -55.590387087670457 -57.430701449943399 94.363003797316793 10.78843913703143 -112.93656432236895 124.99729874582333 178.90353807176163 107.57663703636636 -24.150695223713928 -95.924529413415868 -186.79555725582892 57.692707329542571
leaf_weight=441 2345 911 341 1373 6809 152 4752 242 158 156 1036 2967 633 68 49
leaf_count=441 2345 911 341 1373 6809 152 4752 242 158 156 1036 2967 633 68 49
internal_value=-0.000432137 -0.00170935 -0.00335986 0.00291931 -0.00484435 0.00170197 0.00267795 0.000697938 0.0065993 0.00120882 0.00528081 -0.0013298 -0.00640987 0.00352828 -0.00952786
internal_weight=22433 14034 8964 1714 7250 8399 7497 4994 2503 5070 1947 3123 902 220 682
internal_count=22433 14034 8964 1714 7250 8399 7497 4994 2503 5070 1947 3123 902 220 682
cat_boundaries=0 1 2 3
cat_threshold=7298 170 12
is_linear=0
shrinkage=0.139927


Tree=37
num_leaves=15
num_cat=1
split_feature=0 12 18 2 26 1 32 1 15 11 31 0 35 13
split_gain=3.66669 3.14945 3.27527 6.35789 2.90052 2.78906 2.69974 2.13527 2.47296 1.79575 0.736231 1.67517 0.198761 0.0250372
threshold=14.958737943598278 91.831948017846983 0.013683625304783861 0.8173988071535474 1.0000000180025095e-35 0.1943876959942536 1.0000000180025095e-35 0.30311331381490464 189.50538435289823 56.460773386152077 0 14.967266667823052 0.14583333333333334 3.7756707039344595
decision_type=2 2 2 2 2 2 2 2 2 2 1 2 2 2
left_child=1 2 4 -4 -1 6 9 8 -3 -2 11 -7 -9 -12
right_child=5 7 3 -5 -6 10 -8 12 -10 -11 13 -13 -14 -15
leaf_value=11.208325334855324 0.17286608121864816 -143.22271269397496 9.4534671276458724 120.94380946460309 -30.11291366270089 -293.94501046746484 -132.8331448105497 -179.34909973694781 65.805960403603109 108.55147501151821 -171.02604976990168 17.534125726862026 -195.79077147142402 -219.89902348089731
leaf_weight=5164 51 379 7799 384 7746 69 45 60 181 39 259 46 176 35
leaf_count=5164 51 379 7799 384 7746 69 45 60 181 39 259 46 176 35
internal_value=-0.000494513 -0.000212489 0.000113564 0.00230366 -0.00127462 -0.0118422 0.00559655 -0.00885257 -0.00414771 0.019589 -0.0175984 -0.00604429 -0.0200163 -0.0211913
internal_weight=22433 21889 21093 8183 12910 544 135 796 560 90 409 115 236 294
internal_count=22433 21889 21093 8183 12910 544 135 796 560 90 409 115 236 294
cat_boundaries=0 1
cat_threshold=36
is_linear=0
shrinkage=0.139927


Tree=38
num_leaves=13
num_cat=0
split_feature=0 21 12 9 1 1 38 14 13 3 0 19
split_gain=4.19094 2.71999 2.73849 3.72024 2.60842 1.81419 1.95902 1.2029 1.14622 0.803556 0.489039 0.29391
threshold=14.958737943598278 1.0000000180025095e-35 83.280612092822778 1009.0028266805992 0.26537476601960136 0.1943876959942536 -0.60785761079279388 3.8144790764177969 2.2727488461353276 281.81081699420685 10.165654931285504 0.00033877916885855593
decision_type=2 2 2 2 2 2 2 2 2 2 2 2
left_child=1 2 3 -1 -4 6 -2 11 -8 10 -3 -7
right_child=5 9 4 -5 -6 7 8 -9 -10 -11 -12 -13
leaf_value=38.521166754713683 -114.24624136411924 -23.739655051245553 -75.534291964729405 -3.2597873216537385 -13.238391161567504 -144.13308224870701 96.74098057421898 5.054569060359742 -0.80467974306192325 2.5867182907723487 -174.45781833800379 -68.090276265427434
leaf_weight=3130 45 38 950 15056 2510 296 39 49 51 37 168 64
leaf_count=3130 45 38 950 15056 2510 296 39 49 51 37 168 64
internal_value=-0.000482038 -0.000180526 -1.52563e-05 0.000671234 -0.00362352 -0.0126139 0.00145058 -0.0172563 0.01337 -0.0149022 -0.0183124 -0.020056
internal_weight=22433 21889 21646 18186 3460 544 135 409 90 243 206 360
internal_count=22433 21889 21646 18186 3460 544 135 409 90 243 206 360
is_linear=0
shrinkage=0.139927


Tree=39
num_leaves=15
num_cat=1
split_feature=40 31 1 6 17 38 9 29 40 40 40 2 11 10
split_gain=3.1961 11.8413 5.06084 6.3032 3.52715 3.32485 4.90955 4.68123 4.56208 8.90578 5.49763 3.7441 2.17648 0.0229116
threshold=0.99761913169647187 0 0.24422653506319084 286.4405393866187 1.0000000180025095e-35 0.6078576107927941 990.34447103458001 285.50000000000006 0.90892735371523092 0.85226249403558707 0.99374995976406788 0.80400427156594745 75.833295750924933 1025.3445628971515
decision_type=2 1 2 2 2 2 2 2 2 2 2 2 2 2
left_child=5 2 3 -2 -4 8 11 -8 9 -1 -10 -7 13 -3
right_child=1 12 4 -5 -6 6 7 -9 10 -11 -12 -13 -14 -15
leaf_value=-12.416115084624249 129.08451421702154 -147.92481710575473 96.216827453923585 385.13618805140476 -29.90959982277327 -141.4480797536128 10.750427383374618 125.13735275657693 -174.72939820015523 111.39879071201987 67.64743539453579 31.070435344176722 29.208226995998995 -317.48345271703948
leaf_weight=12960 123 146 67 58 65 442 4645 993 1769 679 242 166 43 35
leaf_count=12960 123 146 67 58 65 442 4645 993 1769 679 242 166 43 35
internal_value=-0.000482038 0.010183 0.0272573 0.0433228 0.00729262 -0.000743601 0.00198575 0.00327404 -0.0018329 -0.000915539 -0.00805463 -0.00996046 -0.0142555 -0.0216148
internal_weight=22433 537 313 181 132 21896 6246 5638 15650 13639 2011 608 224 181
internal_count=22433 537 313 181 132 21896 6246 5638 15650 13639 2011 608 224 181
cat_boundaries=0 1
cat_threshold=89
is_linear=0
shrinkage=0.139927


Tree=40
num_leaves=14
num_cat=1
split_feature=0 40 31 16 14 2 29 1 32 14 11 16 1
split_gain=3.50235 2.89167 9.36777 8.94518 2.85065 4.63364 3.3568 1.81615 1.63312 1.62841 1.51991 1.41069 0.419559
threshold=14.958737943598278 0.99761913169647187 0 121.10123250361943 1.4167203237789283 0.69719531436214244 359.50000000000006 0.1943876959942536 1.0000000180025095e-35 3.7492646259119846 74.475544169846984 127.29897934851643 0.19461756167377894
decision_type=2 2 1 2 2 2 2 2 2 2 2 2 2
left_child=1 4 3 -3 5 -1 -6 8 11 12 -4 -2 -9
right_child=7 2 10 -5 6 -7 -8 9 -10 -11 -12 -13 -14
leaf_value=157.91259758354917 107.49370375901945 450.0744287645411 -141.24632317910388 93.74876414538889 0.71692366008490738 -44.636793167099334 124.03087705430291 -25.979541425481788 -96.5227959622366 6.0456313298397113 22.392584513315693 -5.8878803788265071 -152.15153648284641
leaf_weight=223 37 41 176 272 16951 3979 199 65 45 53 48 53 291
leaf_count=223 37 41 176 272 16951 3979 199 65 45 53 48 53 291
internal_value=-0.000494513 -0.000218882 0.00992242 0.0250913 -0.000473937 -0.00374025 0.000326352 -0.011585 0.00248707 -0.01623 -0.0118636 0.01337 -0.0196367
internal_weight=22433 21889 537 313 21352 4202 17150 544 135 409 224 90 356
internal_count=22433 21889 537 313 21352 4202 17150 544 135 409 224 90 356
cat_boundaries=0 1
cat_threshold=89
is_linear=0
shrinkage=0.139927


Tree=41
num_leaves=14
num_cat=1
split_feature=0 10 28 40 40 40 0 35 19 37 2 0 14
split_gain=4.11799 2.92106 4.60234 13.2595 8.20934 3.8992 7.20587 1.8044 1.37003 2.0659 0.981759 1.2805 0.437843
threshold=14.958737943598278 1028.8576297373152 0 -0.97876850416056738 -0.99763297024448894 0.49065764355977465 10.273140293585405 0.68750000000000011 0.00011121855825308195 -0.12940952255126037 0.81814621287702927 14.964328930459489 3.7492646259119846
decision_type=2 2 1 2 2 2 2 2 2 2 2 2 2
left_child=1 2 3 -1 -4 7 -7 -3 10 -10 11 -2 -12
right_child=8 5 4 -5 -6 6 -8 -9 9 -11 12 -13 -14
leaf_value=-136.19050715026867 -121.82080224771691 -113.88259353840292 499.17296674861433 38.662104151529512 -12.857593074462203 253.67403866325307 -100.67335211975981 -19.699716974693015 -100.44904035611872 30.993076946044994 -106.55581475040177 24.592241221643452 -94.630012745267933
leaf_weight=585 46 856 156 6425 13332 80 147 308 48 56 284 64 46
leaf_count=585 46 856 156 6425 13332 80 147 308 48 56 284 64 46
internal_value=-0.000588076 -0.0002892 0.000131878 0.00303771 -0.00137957 -0.00649432 0.0102815 -0.00976596 -0.0126139 0.00182914 -0.0160278 -0.0045788 -0.0198439
internal_weight=22433 21889 20498 7010 13488 1391 227 1164 544 104 440 110 330
internal_count=22433 21889 20498 7010 13488 1391 227 1164 544 104 440 110 330
cat_boundaries=0 1
cat_threshold=6722
is_linear=0
shrinkage=0.139927


Tree=42
num_leaves=13
num_cat=0
split_feature=12 41 2 2 41 2 10 8 6 41 41 9
split_gain=2.67414 3.16193 21.0694 8.73241 8.21795 8.82385 4.8643 3.87045 2.94791 3.44365 4.67396 1.82954
threshold=81.126575906645698 -0.54940789553007929 0.7928546365339989 0.79337467569596498 -0.73865259438682551 0.80608042533217827 1000.1713975890835 303.98980627875943 293.63991337281033 0.31595530242620651 0.57605713708605411 994.51012467091721
decision_type=2 2 2 2 2 2 2 2 2 2 2 2
left_child=1 4 7 -4 5 -1 -6 -3 9 11 -11 -2
right_child=8 2 3 -5 6 -7 -8 -9 -10 10 -12 -13
leaf_value=100.06550839613027 -127.30448910562662 3.4566335668212309 329.68642468799897 167.92837844815426 29.604330239065145 -11.228552414513233 -109.90893350664234 518.63550985917152 46.437133206624729 64.422206973119344 -40.019056355968793 -63.910068047249112
leaf_weight=1012 324 10210 67 203 299 4645 1533 172 51 641 2375 907
leaf_count=1012 324 10210 67 203 299 4645 1533 172 51 641 2375 907
internal_value=-0.000562726 0.000180792 0.00172976 0.0403194 -0.00202238 0.000615394 -0.0101676 0.000726174 -0.00370098 -0.00410257 -0.00155699 -0.0103393
internal_weight=22439 18141 10652 270 7489 5657 1832 10382 4298 4247 3016 1231
internal_count=22439 18141 10652 270 7489 5657 1832 10382 4298 4247 3016 1231
is_linear=0
shrinkage=0.139927


Tree=43
num_leaves=15
num_cat=0
split_feature=0 12 2 0 14 16 1 19 25 16 45 36 16 15
split_gain=2.95953 2.73053 2.61773 9.51193 2.91602 1.90384 3.82995 1.60239 2.29064 1.7284 0.908872 0.706382 1.07517 0.0825345
threshold=14.958737943598278 91.831948017846983 0.6973562949512272 9.5284244188359057 1.1843618502068878 176.3840058839896 0.27784227446368065 0.00011121855825308195 783.03236654100408 166.97293530771569 0.56192977791787302 -0.25881904510252113 161.97008599792113 101.8721646839205
decision_type=2 2 2 2 2 2 2 2 2 2 2 2 2 2
left_child=1 2 3 -1 -4 10 -7 11 9 -9 -3 12 -2 -13
right_child=7 5 4 -5 -6 6 -8 8 -10 -11 -12 13 -14 -15
leaf_value=-14.011594286419328 18.199341837409392 -153.10999849619594 -47.582114291287766 248.80266788273443 2.2438556195904638 102.60817889801548 -121.93175764115362 48.931555635124141 -109.71995405236399 -38.763951521124575 -23.127954846844389 -55.746452685308292 -91.996503250559599 -87.466720408513027
leaf_weight=411 62 373 1999 162 18538 94 216 35 40 35 105 55 124 190
leaf_count=411 62 373 1999 162 18538 94 216 35 40 35 105 55 124 190
internal_value=-0.00052531 -0.000272723 2.91583e-05 0.00935763 -0.000231111 -0.00836 0.000180325 -0.0107491 0.00432438 0.0195887 -0.0138989 -0.0145964 -0.00809432 -0.0195323
internal_weight=22439 21898 21110 573 20537 788 310 541 110 70 478 431 186 245
internal_count=22439 21898 21110 573 20537 788 310 541 110 70 478 431 186 245
is_linear=0
shrinkage=0.139927


Tree=44
num_leaves=13
num_cat=1
split_feature=23 40 35 40 9 40 42 5 40 40 24 31
split_gain=2.51611 4.88575 4.14658 2.8359 6.16269 20.0091 5.91878 6.32195 3.41951 2.35808 2.02163 1.27151
threshold=0.44301891312273034 -0.9905448150984083 0.68750000000000011 -0.95244167294248061 1014.4986704350758 -0.99763297024448894 -0.93301270189221919 286.89352782107647 -0.67803021058859225 0.91248814248966237 2.3661475858187324 0
decision_type=2 2 2 2 2 2 2 2 2 2 2 1
left_child=1 -1 11 4 5 -2 7 -5 -8 -4 -6 -3
right_child=3 2 9 6 10 -7 8 -9 -10 -11 -12 -13
leaf_value=308.8613289248209 607.38222300413747 -157.27893470276445 43.045472154586918 -161.59745731612355 294.06373146411329 -9.334757402669343 -42.432270657544855 303.78216016833738 4.6109624227991981 -149.17025012113666 -98.823664726014798 -92.503211041300517
leaf_weight=35 36 306 366 253 37 691 2442 485 16095 75 933 685
leaf_count=35 36 306 366 253 37 691 2442 485 16095 75 933 685
internal_value=-0.000475423 -0.00607775 -0.00734024 -8.35347e-05 -0.00556735 0.00417268 0.000399265 0.0126881 -8.99782e-05 0.00394698 -0.0128674 -0.0123632
internal_weight=22439 1467 1432 20972 1697 727 19275 738 18537 441 970 991
internal_count=22439 1467 1432 20972 1697 727 19275 738 18537 441 970 991
cat_boundaries=0 1
cat_threshold=72
is_linear=0
shrinkage=0.139927


Tree=45
num_leaves=14
num_cat=1
split_feature=0 37 16 28 2 21 10 1 10 14 9 10 5
split_gain=2.66762 2.41673 2.66424 5.56523 3.15685 2.46442 2.94314 1.86119 2.51988 1.34355 1.32326 0.0855151 0.0203694
threshold=14.958737943598278 0.1294095225512602 182.77392932752713 0 0.77637157906002929 0.0066192237607749123 1012.2653455104324 0.19461756167377894 987.33285323551149 3.4383010747671618 1017.2544585994882 1020.0394916097025 281.12247497355531
decision_type=2 2 2 1 2 2 2 2 2 2 2 2 2
left_child=1 5 3 -3 -4 6 -1 8 -2 11 -10 -9 -7
right_child=7 2 4 -5 -6 12 -8 9 10 -11 -12 -13 -14
leaf_value=18.105824445870063 68.396506858100139 -20.215711879092275 13.487881151726288 42.60560236753939 -46.435638577309007 -171.72129674235737 -23.297976905897073 -109.99052987840062 -64.996451618340345 20.97149234915895 8.1551971173589468 -64.389454963621858 -61.352119968798384
leaf_weight=3035 38 1907 3100 3089 1928 89 8715 239 86 64 79 35 35
leaf_count=3035 38 1907 3100 3089 1928 89 8715 239 86 64 79 35 35
internal_value=-0.00052531 -0.000285503 0.00131438 0.0036029 -0.000959551 -0.00163613 -0.00142904 -0.0102319 0.00035809 -0.0165923 -0.00712313 -0.020856 -0.0212593
internal_weight=22439 21898 10024 4996 5028 11874 11750 541 203 338 165 274 124
internal_count=22439 21898 10024 4996 5028 11874 11750 541 203 338 165 274 124
cat_boundaries=0 1
cat_threshold=1550
is_linear=0
shrinkage=0.139927


Tree=46
num_leaves=14
num_cat=0
split_feature=0 41 16 0 27 0 0 0 1 10 10 7 51
split_gain=2.63686 2.91719 8.48776 7.50009 6.54887 2.58988 21.8958 5.63564 1.62679 1.20262 1.33346 1.09869 0.151563
threshold=14.958737943598278 -0.9575230291762723 99.196404345443554 14.734907715498977 0.89142763706638306 14.208431473761749 14.194381159041477 14.784032240771852 0.19461756167377894 987.66219799868202 1016.2504503907725 305.78147118979427 1.0000000180025095e-35
decision_type=2 2 2 2 2 2 2 2 2 2 2 2 2
left_child=1 2 3 -1 -4 6 -3 -7 9 -2 -11 12 -10
right_child=8 5 4 -5 -6 7 -8 -9 11 10 -12 -13 -14
leaf_value=139.74636857088603 54.172919266960669 -2.8941979598538414 -24.775912830830467 84.344911299109413 134.12179112712801 -66.54089746663675 387.55833087267104 35.253104923739578 -172.92637870871209 -77.780134324652522 2.7043058202573569 22.715810245505686 -52.835832238137748
leaf_weight=67 47 16746 1165 91 437 2451 65 876 143 61 95 40 155
leaf_count=67 47 16746 1165 91 437 2451 65 876 143 61 95 40 155
internal_value=-0.000581433 -0.000343012 0.00512 0.0360617 0.00206828 -0.000820466 -0.000114531 -0.00438747 -0.0102319 -0.000330525 -0.00624245 -0.0161783 -0.0191012
internal_weight=22439 21898 1760 158 1602 20138 16811 3327 541 203 156 338 298
internal_count=22439 21898 1760 158 1602 20138 16811 3327 541 203 156 338 298
is_linear=0
shrinkage=0.139927


Tree=47
num_leaves=13
num_cat=0
split_feature=13 29 1 1 1 5 0 29 10 3 10 45
split_gain=2.13567 4.94505 3.32176 5.52832 5.65035 3.1875 2.93245 5.68627 2.01466 5.51763 0.786837 0.114124
threshold=1.6024287606508001 2.5000000000000004 0.31139522326716945 0.30984687486324053 0.31068020819657388 280.67199145760338 9.4230300218645908 334.50000000000006 1017.9144507500482 283.48446531198539 1029.6444350272434 0.25790389450448498
decision_type=2 2 2 2 2 2 2 2 2 2 2 2
left_child=1 -1 3 5 -5 -2 10 -8 11 -10 -3 -4
right_child=2 6 8 4 -6 -7 7 -9 9 -11 -12 -13
leaf_value=160.12233205939307 -39.660347956797004 -55.182779392362754 -315.33989917358434 151.65424814493966 31.820255169738335 5.7204513088736775 -22.406788583970606 156.51250378697125 -162.04760185775712 155.58725960461891 -186.27367411594741 -271.42680145812278
leaf_weight=51 1832 260 59 252 314 13149 5756 250 87 36 217 176
leaf_count=51 1832 260 59 252 314 13149 5756 250 87 36 217 176
internal_value=-0.00055649 -0.00268631 0.000318467 0.000625328 0.0142002 0.000112449 -0.00302775 -0.00218906 -0.0130075 0.00150109 -0.0135877 -0.0206017
internal_weight=22439 6534 15905 15547 566 14981 6483 6006 358 123 477 235
internal_count=22439 6534 15905 15547 566 14981 6483 6006 358 123 477 235
is_linear=0
shrinkage=0.139927


Tree=48
num_leaves=12
num_cat=0
split_feature=55 23 40 36 26 12 41 1 39 12 51
split_gain=2.47454 2.44815 4.12547 3.18476 2.42187 3.52676 3.34162 0.820245 1.84065 0.667667 0.158016
threshold=0.077737566926842624 0.44301891312273034 -0.9905448150984083 -0.5 1.0000000180025095e-35 90.578374748250198 -0.99761278905001471 0.19968445605544813 1.0000000180025095e-35 43.664274576278295 0.4739400639339571
decision_type=2 2 2 2 2 2 2 2 2 2 2
left_child=1 2 -1 -4 5 -3 -6 8 -2 -9 -11
right_child=7 4 3 -5 6 -7 -8 9 -10 10 -12
leaf_value=268.50792347339433 53.885761774410341 18.164397087626309 10.028088150985587 -94.602125579053492 152.21395891417751 -88.668789771666866 -12.581994885349127 0.94444905737957396 -129.23883626420289 -208.01018046543183 -188.51283800152333
leaf_weight=35 55 7672 476 956 362 737 11846 35 45 184 36
leaf_count=35 55 7672 476 956 362 737 11846 35 45 184 36
internal_value=-0.000550254 -0.000363947 -0.00588699 -0.0070471 2.90412e-05 0.00185636 -0.00122963 -0.0121399 -0.00139858 -0.016352 -0.0192078
internal_weight=22439 22084 1467 1432 20617 8409 12208 355 100 255 220
internal_count=22439 22084 1467 1432 20617 8409 12208 355 100 255 220
is_linear=0
shrinkage=0.139927


Tree=49
num_leaves=15
num_cat=2
split_feature=10 2 2 9 31 2 44 2 39 1 2 31 1 29
split_gain=2.62284 3.48392 7.41089 8.92388 6.20254 5.82967 3.8748 2.87409 6.57434 2.39544 2.01007 2.94697 1.04536 0.60588
threshold=1028.5533493003743 0.71629301135925816 0.71006204458744049 999.35539712294212 0 0.71879978220520824 1.0000000180025095e-35 0.72500492857896948 0.81174490092936691 0.30129284612625568 0.69938919975787772 1 0.31030311174989583 299.50000000000006
decision_type=2 2 2 2 1 2 2 2 2 2 2 1 2 2
left_child=1 2 4 -4 -1 13 -7 10 9 -9 11 -2 -12 -3
right_child=7 5 3 -5 -6 6 -8 8 -10 -11 12 -13 -14 -15
leaf_value=85.49761993984562 100.15795333351998 -311.13022285552734 -124.48974371559351 193.24094445803473 -46.168426445344174 40.995193779622831 -8.2341770717244156 -82.434833578565076 220.6779254749521 210.58885483453534 -189.24820810613065 -77.502633333567175 -60.294446821916118 -36.441065386023482
leaf_weight=954 145 290 273 616 1349 2118 15306 236 37 62 380 342 249 46
leaf_count=954 145 290 273 616 1349 2118 15306 236 37 62 380 342 249 46
internal_value=-0.000433965 -3.55297e-05 0.00422057 0.0150723 3.15608e-05 -0.000800481 -0.000448433 -0.0061872 0.00517917 -0.00172773 -0.00959921 -0.00285011 -0.0148246 -0.0190565
internal_weight=22403 20952 3192 889 2303 17760 17424 1451 335 298 1116 487 629 336
internal_count=22403 20952 3192 889 2303 17760 17424 1451 335 298 1116 487 629 336
cat_boundaries=0 1 2
cat_threshold=21 18
is_linear=0
shrinkage=0.139927


Tree=50
num_leaves=12
num_cat=0
split_feature=3 10 6 16 35 2 40 40 26 27 23
split_gain=2.54613 3.84414 3.22655 5.10237 6.30716 3.92411 2.77689 21.9132 3.46393 0.829145 0.445022
threshold=305.59778528038623 1020.0394916097025 294.76639214733524 120.21145754548594 0.68750000000000011 0.74335212774624493 0.83376496542330847 0.8697513045430848 1.0000000180025095e-35 0.89142763706638306 9.2875446016957568
decision_type=2 2 2 2 2 2 2 2 2 2 2
left_child=2 9 6 4 -4 -5 8 -8 -1 10 -2
right_child=1 -3 3 5 -6 -7 7 -9 -10 -11 -12
leaf_value=2.8357861305144336 -114.84667513296937 223.28977206126589 38.080006067597139 338.36626080027889 124.28826631322248 1.056724969902139 188.3374728200439 -13.550541229963345 -38.900421151369109 379.17981418389439 -156.68573229240752
leaf_weight=6210 288 47 653 70 281 3561 509 4011 6578 40 155
leaf_count=6210 288 47 653 70 281 3561 509 4011 6578 40 155
internal_value=-0.00039649 -0.00997955 -0.000164281 0.00314488 0.0123686 0.000772252 -0.00103708 0.0019441 -0.0020908 -0.013697 -0.0154392
internal_weight=22403 530 21873 4565 934 3631 17308 4520 12788 483 443
internal_count=22403 530 21873 4565 934 3631 17308 4520 12788 483 443
is_linear=0
shrinkage=0.139927


end of trees

feature_importances:
daylight_length_hr=93
day_of_year_sin=58
sunset_day_fraction_utc=49
pressure_rolling3h=44
sunrise_day_fraction_utc=35
day_of_year=35
month=29
wind_speed_rolling3h=27
pressure=22
day_of_year_cos=22
wind_speed=21
wind_deg_rolling3h=15
clouds_all_rolling3h=14
day_of_week=12
humidity_rolling3h=11
rain_1h_rolling3h=11
day_of_week_sin=11
day_of_week_cos=11
rain_3h=9
snow_3h=9
clouds_all=9
utc_time_day_fraction=9
day_hour_cos=9
rain_1h=8
temp_max=7
wx_rain=7
temp=6
temp_max_rolling3h=6
date_fraction_of_year=6
temp_rolling3h=5
temp_min=5
temp_min_rolling3h=5
humidity=5
wind_deg=5
day_hour_sin=5
rain_3h_rolling3h=4
solar_flux_Wm2=4
solar_flux_Wm2_rolling3h=4
is_weekend=4
wx_clouds=4
severity=3
snow_3h_rolling3h=2
month_sin=2
wx_clear=2
season=1
wx_thunderstorm=1

parameters:
[boosting: gbdt]
[objective: quantile]
[metric: quantile]
[tree_learner: serial]
[device_type: cpu]
[data_sample_strategy: bagging]
[data: ]
[valid: ]
[num_iterations: 51]
[learning_rate: 0.139927]
[num_leaves: 21]
[num_threads: -1]
[seed: 42]
[deterministic: 0]
[force_col_wise: 0]
[force_row_wise: 0]
[histogram_pool_size: -1]
[max_depth: 4]
[min_data_in_leaf: 35]
[min_sum_hessian_in_leaf: 0.001]
[bagging_fraction: 0.940341]
[pos_bagging_fraction: 1]
[neg_bagging_fraction: 1]
[bagging_freq: 7]
[bagging_seed: 400]
[bagging_by_query: 0]
[feature_fraction: 0.732287]
[feature_fraction_bynode: 1]
[feature_fraction_seed: 30056]
[extra_trees: 0]
[extra_seed: 12879]
[early_stopping_round: 0]
[early_stopping_min_delta: 0]
[first_metric_only: 0]
[max_delta_step: 0]
[lambda_l1: 0.000492681]
[lambda_l2: 1.21042e-06]
[linear_lambda: 0]
[min_gain_to_split: 0]
[drop_rate: 0.1]
[max_drop: 50]
[skip_drop: 0.5]
[xgboost_dart_mode: 0]
[uniform_drop: 0]
[drop_seed: 17869]
[top_rate: 0.2]
[other_rate: 0.1]
[min_data_per_group: 100]
[max_cat_threshold: 32]
[cat_l2: 10]
[cat_smooth: 10]
[max_cat_to_onehot: 4]
[top_k: 20]
[monotone_constraints: ]
[monotone_constraints_method: basic]
[monotone_penalty: 0]
[feature_contri: ]
[forcedsplits_filename: ]
[refit_decay_rate: 0.9]
[cegb_tradeoff: 1]
[cegb_penalty_split: 0]
[cegb_penalty_feature_lazy: ]
[cegb_penalty_feature_coupled: ]
[path_smooth: 0]
[interaction_constraints: ]
[verbosity: -1]
[saved_feature_importance_type: 0]
[use_quantized_grad: 0]
[num_grad_quant_bins: 4]
[quant_train_renew_leaf: 0]
[stochastic_rounding: 1]
[linear_tree: 0]
[max_bin: 255]
[max_bin_by_feature: ]
[min_data_in_bin: 3]
[bin_construct_sample_cnt: 200000]
[data_random_seed: 175]
[is_enable_sparse: 1]
[enable_bundle: 1]
[use_missing: 1]
[zero_as_missing: 0]
[feature_pre_filter: 1]
[pre_partition: 0]
[two_round: 0]
[header: 0]
[label_column: ]
[weight_column: ]
[group_column: ]
[ignore_column: ]
[categorical_feature: 28,31]
[forcedbins_filename: ]
[precise_float_parser: 0]
[parser_config_file: ]
[objective_seed: 16083]
[num_class: 1]
[is_unbalance: 0]
[scale_pos_weight: 1]
[sigmoid: 1]
[boost_from_average: 1]
[reg_sqrt: 0]
[alpha: 0.84]
[fair_c: 1]
[poisson_max_delta_step: 0.7]
[tweedie_variance_power: 1.5]
[lambdarank_truncation_level: 30]
[lambdarank_norm: 1]
[label_gain: ]
[lambdarank_position_bias_regularization: 0]
[eval_at: ]
[multi_error_top_k: 1]
[auc_mu_weights: ]
[num_machines: 1]
[local_listen_port: 12400]
[time_out: 120]
[machine_list_filename: ]
[machines: ]
[gpu_platform_id: -1]
[gpu_device_id: -1]
[gpu_use_dp: 0]
[num_gpu: 1]

end of parameters

pandas_categorical:[]
