tree
version=v4
num_class=1
num_tree_per_iteration=1
label_index=0
max_feature_idx=56
objective=quantile
feature_names=daylight_length_hr sunrise_day_fraction_utc sunset_day_fraction_utc temp temp_rolling3h temp_min temp_min_rolling3h temp_max temp_max_rolling3h pressure pressure_rolling3h humidity humidity_rolling3h wind_speed wind_speed_rolling3h wind_deg wind_deg_rolling3h rain_1h rain_1h_rolling3h rain_3h rain_3h_rolling3h snow_3h snow_3h_rolling3h clouds_all clouds_all_rolling3h solar_flux_Wm2 solar_flux_Wm2_rolling3h severity month day_of_year date_fraction_of_year day_of_week is_weekend season is_holiday utc_time_day_fraction day_hour_sin day_hour_cos day_of_week_sin day_of_week_cos day_of_year_sin day_of_year_cos month_sin month_cos total_load_actual wx_clear wx_clouds wx_drizzle wx_dust wx_fog wx_haze wx_mist wx_rain wx_smoke wx_snow wx_squall wx_thunderstorm
feature_infos=[9.3596828722609828:14.968733129411385] [0.19410002162982243:0.31163495189900325] [0.69654878201595027:0.81871011031084839] [269.72646691159127:309.90396711280073] [270.65299242019148:309.71861066259777] [268.89369968804601:308.92749021087911] [269.32665650944762:308.62831380393885] [269.72646691159127:313.73456373403258] [270.65299242019148:312.96198277559341] [766.84632627970336:244890.38201182318] [836.29636365775127:243203.46984729479] [19.249089573633061:99.999999999999986] [21.277255594968899:99.313404638227439] [0:19.886087171848004] [0.27367250609567723:11.315541801258044] [0:344.88001392443181] [14.526704245087544:339.7524872426664] [0:4.405107912851479] [0:3.163355462094652] [0:0.12065750398577889] [0:0.04212472235621962] none none [0:96.351263531536162] [0:94.622869702986307] [0:875.66486422107903] [0:872.68927008715661] [0:4.5344590809815166] -1:1:3:5:7:8:4:6:2:9:12:10:11 [1:366] [0.0027378507871321013:1.0020533880903491] -1:0:3:4:5:6:1:2 [0:1] [0:3] none [0:0.95833333333333337] [-1:1] [-1:1] [-0.97492791218182362:0.97492791218182362] [-0.90096886790241903:1] [-0.9999994220246925:0.99998555065071859] [-0.99997919295908233:0.9999907524084426] [-1:1] [-1:1] [18041:41015] [0:1] [0:1] none none [0:0.82968275562592209] none [0:0.84452486614631483] [0:1] none none none none
tree_sizes=1418 1410 1414 1604 1496 1423 1694 1508 1530 1509 1605 1519 1543 1527 1439 1576 1611 1527 1516 1523

Tree=0
num_leaves=15
num_cat=0
split_feature=41 35 26 32 2 8 45 10 29 35 35 25 26 35
split_gain=207.654 97.0133 63.3318 43.6687 42.6729 31.5935 15.9392 15.9316 15.6932 7.76083 9.86176 4.2835 2.2897 0.105589
threshold=0.84658398682345093 0.31250000000000006 22.391514406350975 1.0000000180025095e-35 0.73784276262377668 304.58752512762823 0.40503147202717421 1007.7647769394343 158.50000000000003 0.22916666666666671 0.89583333333333337 635.52672272565599 762.14024197202696 0.14583333333333334
decision_type=2 2 2 2 2 2 2 2 2 2 2 2 2 2
left_child=2 -2 9 4 -4 7 -3 -6 12 13 -11 -5 -9 -1
right_child=1 6 3 11 5 -7 -8 8 -10 10 -12 -13 -14 -15
leaf_value=68.54604581093399 69.180851317701425 69.783213101456909 69.478153510881754 69.119518339944477 69.378759892381041 69.639720754755643 69.95479251322655 68.983802421670077 69.286397430007511 69.197894427774415 68.778442188689567 68.704651694714769 68.763156850649423 68.728630757423559
leaf_weight=2479 979 904 928 879 880 910 1018 1005 1747 1038 1041 1694 1031 1249
leaf_count=2479 979 904 928 879 880 910 1018 1005 1747 1038 1041 1694 1031 1249
internal_value=69.22 69.2317 69.2178 69.2202 69.2223 69.2207 69.238 69.2192 69.2178 69.2139 69.2162 69.215 69.215 69.2126
internal_weight=17782 2901 14881 9074 6501 5573 1922 4663 3783 5807 2079 2573 2036 3728
internal_count=17782 2901 14881 9074 6501 5573 1922 4663 3783 5807 2079 2573 2036 3728
is_linear=0
shrinkage=1


Tree=1
num_leaves=14
num_cat=3
split_feature=1 44 44 28 13 35 26 28 28 13 13 35 35
split_gain=187.67 142.356 62.0882 54.405 33.9958 27.2691 10.2394 9.24347 7.67444 3.87997 1.41908 0.819133 0.583187
threshold=0.29125895170974542 29489.500000000004 29353.500000000004 0 2.1555143112714634 0.22916666666666671 11.27137606927583 1 2 2.5893192789082247 2.6594830435051775 0.18750000000000003 0.89583333333333337
decision_type=2 2 2 1 2 2 2 1 1 2 2 2 2
left_child=2 5 6 8 -3 -2 11 -8 -4 -5 -9 -1 -13
right_child=1 4 3 9 -6 -7 7 10 -10 -11 -12 12 -14
leaf_value=-0.61992336170657081 -0.39469231127833398 0.68658349760842219 0.27200986743907368 -0.083179765726467111 0.57510569207408657 0.22109344468836964 -0.0049177086351873791 -0.16589603944467554 0.13431459538027241 -0.29159054848670179 -0.49799221594134241 -0.27505187818871879 -0.43078471189476736
leaf_weight=2896 981 986 1724 1441 919 1047 1117 877 1509 1660 880 891 920
leaf_count=2896 981 986 1724 1441 919 1047 1117 877 1509 1660 880 891 920
internal_value=-0.00018101 0.00903206 -0.0027852 0.000705218 0.0184086 0.00022313 -0.00570176 -0.00345361 0.0050326 -0.0038096 -0.00559779 -0.00707397 -0.00626995
internal_weight=17848 3933 13915 6334 1905 2028 7581 2874 3233 3101 1757 4707 1811
internal_count=17848 3933 13915 6334 1905 2028 7581 2874 3233 3101 1757 4707 1811
cat_boundaries=0 1 2 3
cat_threshold=3520 2496 3200
is_linear=0
shrinkage=0.0477671


Tree=2
num_leaves=14
num_cat=3
split_feature=44 2 28 28 44 7 10 37 28 13 44 30 44
split_gain=178.078 201.183 33.1043 32.237 27.1824 17.2992 11.3349 10.7547 10.2368 5.17618 3.06748 1.18908 0.133351
threshold=30662.500000000004 0.72769831614486458 0 1 33577.500000000007 301.78160221128024 1016.2504503907725 0.25881904510252057 2 2.2281804960459222 26115.500000000004 0.28610540725530464 24538.500000000004
decision_type=2 2 1 1 2 2 2 2 1 2 2 2 2
left_child=3 4 6 -1 -2 7 -3 8 -5 -10 12 -4 -9
right_child=1 2 11 5 -6 -7 -8 10 9 -11 -12 -13 -14
leaf_value=0.12258869297423923 0.28244420685391752 0.31432383082212578 -0.30644532275336839 0.032298180077638045 0.83357855909009149 0.077452171836335112 0.09546159339420647 -0.58941233520958991 -0.083417642568985303 -0.35564423003771495 -0.24128589344412443 -0.11595040590203523 -0.46255003572677766
leaf_weight=1586 887 1437 878 1001 878 877 1334 2989 914 1407 1617 1044 1030
leaf_count=1586 887 1437 878 1001 878 877 1334 2989 914 1407 1617 1044 1030
internal_value=-0.000180589 0.00615893 0.000988046 -0.00376546 0.0199066 -0.00478182 0.00432142 -0.00541357 -0.00325646 -0.004986 -0.00668462 -0.00381922 -0.00739259
internal_weight=17879 6458 4693 11421 1765 9835 2771 8958 3322 2321 5636 1922 4019
internal_count=17879 6458 4693 11421 1765 9835 2771 8958 3322 2321 5636 1922 4019
cat_boundaries=0 1 2 3
cat_threshold=1476 4098 2372
is_linear=0
shrinkage=0.0477671


Tree=3
num_leaves=16
num_cat=0
split_feature=41 7 0 16 10 38 13 10 7 32 29 17 10 5 12
split_gain=176.39 56.2664 33.455 24.9511 17.4433 11.9338 8.8637 8.67501 6.25621 2.08935 2.30701 1.73543 0.527975 0.0852489 0.0751192
threshold=0.84658398682345093 302.83985540392666 10.931324521953263 168.81985149166775 993.07768191605294 -1.0000000180025095e-35 1.9837891471375215 1017.1486058521492 298.74223360776472 1.0000000180025095e-35 244.50000000000003 0.033232895094538702 1018.6809468354467 288.64445818977009 61.687799818149003
decision_type=2 2 2 2 2 2 2 2 2 2 2 2 2 2 2
left_child=1 2 5 -2 -4 -1 -5 -3 9 10 11 12 13 -6 -11
right_child=3 7 4 6 8 -7 -8 -9 -10 14 -12 -13 -14 -15 -16
leaf_value=-0.07656530279219681 0.49291977009322857 0.35226025584338438 0.010680361276693027 0.37120991032895201 -0.55658726539853087 0.11784208162551929 0.23094828535450174 0.12906684779430205 -0.22342565699934705 -0.5195146531342596 -0.11393427422475412 -0.26049885541999823 -0.43379811819055858 -0.38950368116035605 -0.6028220668754628
leaf_weight=1070 1158 1022 1392 901 964 1336 925 942 1707 968 971 1162 1218 1034 1179
leaf_count=1070 1158 1022 1392 901 964 1336 925 942 1707 968 971 1162 1218 1034 1179
internal_value=-0.000222998 -0.00233761 -0.00347612 0.0103812 -0.00463088 0.00160798 0.00690067 0.00519779 -0.00538468 -0.00597925 -0.0054723 -0.00594015 -0.00651322 -0.00699612 -0.00724123
internal_weight=17949 14965 13001 2984 10595 2406 1826 1964 9203 7496 5349 4378 3216 1998 2147
internal_count=17949 14965 13001 2984 10595 2406 1826 1964 9203 7496 5349 4378 3216 1998 2147
is_linear=0
shrinkage=0.0477671


Tree=4
num_leaves=15
num_cat=2
split_feature=44 2 41 28 13 26 28 32 7 13 37 37 35 13
split_gain=157.791 168.73 30.2527 26.4754 23.0023 18.273 17.6723 18.8025 12.1032 5.19462 3.6222 2.15009 0.478574 0.298647
threshold=30566.000000000004 0.72769831614486458 0.87291090774974645 0 1.8445640435640926 11.27137606927583 1 1.0000000180025095e-35 302.83985540392666 2.3139924988702854 0.37940952255126048 -0.5 0.14583333333333334 1.8298002878792547
decision_type=2 2 2 1 2 2 1 2 2 2 2 2 2 2
left_child=2 4 5 8 -2 10 7 -7 -3 -8 -1 -5 -12 -14
right_child=1 3 -4 11 -6 6 9 -9 -10 -11 12 -13 13 -15
leaf_value=-0.20233324623172691 0.52909305092032788 0.048803243341148453 0.11955528933144093 -0.2869312592061537 0.5474859154984123 0.15974046228484626 -0.076027441081367608 -0.2155298156241259 0.37791705656220309 -0.3478953354210042 -0.5790751824671676 -0.083460356603833968 -0.30618157068547269 -0.45712651339532046
leaf_weight=1133 882 1671 1474 1083 906 919 921 956 1164 1533 2535 885 912 902
leaf_count=1133 882 1671 1474 1083 906 919 921 956 1164 1533 2535 885 912 902
internal_value=-0.000288894 0.00558328 -0.00371874 0.000919669 0.0181096 -0.00467745 -0.00235683 0.00113914 0.00386759 -0.00501309 -0.00650958 -0.00332856 -0.00713698 -0.00653554
internal_weight=17876 6591 11285 4803 1788 9811 4329 1875 2835 2454 5482 1968 4349 1814
internal_count=17876 6591 11285 4803 1788 9811 4329 1875 2835 2454 5482 1968 4349 1814
cat_boundaries=0 1 2
cat_threshold=1476 2500
is_linear=0
shrinkage=0.0477671


Tree=5
num_leaves=14
num_cat=3
split_feature=41 44 44 28 35 31 37 31 10 41 44 35 35
split_gain=147.725 100.039 62.0852 42.3162 24.6128 15.9819 10.3277 13.4755 8.54888 3.00134 2.82979 0.454864 0.00074679
threshold=0.85561368268953431 32214.500000000004 29071.500000000004 0 0.31250000000000006 1 0.25881904510252057 2 1014.6076840174779 -0.26037106507032781 26115.500000000004 0.14583333333333334 0.062500000000000014
decision_type=2 2 2 1 2 1 2 1 2 2 2 2 2
left_child=2 4 6 9 -2 8 7 -1 -5 -4 11 12 -8
right_child=1 -3 3 5 -6 -7 10 -9 -10 -11 -12 -13 -14
leaf_value=-0.3930458691412787 -0.19388237056958915 0.74464374757235219 -0.11527441645514848 0.27156629289837297 0.25959615235740585 -0.0068277687211401846 -0.53309163300558404 0.054990198409699001 0.15040155628266197 -0.23961995351118676 -0.220722859651725 -0.38373728871589957 -0.57393037199697494
leaf_weight=1479 883 946 1413 1082 984 1453 1190 1038 1740 1488 1306 1672 1214
leaf_count=1479 883 946 1413 1082 984 1453 1190 1038 1740 1488 1306 1672 1214
internal_value=-0.000456719 0.00959202 -0.00233196 0.000883938 0.0031785 0.00390111 -0.00525379 -0.0027266 0.00599506 -0.00356265 -0.00643527 -0.00705623 -0.00748285
internal_weight=17888 2813 15075 7176 1867 4275 7899 2517 2822 2901 5382 4076 2404
internal_count=17888 2813 15075 7176 1867 4275 7899 2517 2822 2901 5382 4076 2404
cat_boundaries=0 1 2 3
cat_threshold=568 29 96
is_linear=0
shrinkage=0.0477671


Tree=6
num_leaves=17
num_cat=2
split_feature=44 28 35 41 14 28 32 9 9 44 5 29 5 8 2 5
split_gain=142.686 70.746 54.6265 69.7973 30.7882 28.9692 17.1483 9.19397 6.43571 3.56651 2.69578 2.32203 0.927145 0.885049 0.0984265 0.0173456
threshold=34193.000000000007 0 0.22916666666666671 0.71952396275653763 1.7727264661600322 1 1.0000000180025095e-35 1005.613379147984 1014.6437927119836 24911.500000000004 287.17059263143898 90.500000000000014 295.79149230074023 293.92081608201107 0.78668478865228597 281.4062857325714
decision_type=2 1 2 2 2 1 2 2 2 2 2 2 2 2 2 2
left_child=2 -2 9 5 -5 6 8 -7 -4 14 11 -9 -10 -12 15 -1
right_child=1 -3 3 4 -6 7 -8 10 12 -11 13 -13 -14 -15 -16 -17
leaf_value=-0.52742452486826275 0.70362550387842504 0.0850640662117184 0.12615541605478114 0.28559079185080788 0.11033982518886375 -0.013120811534495819 -0.18246715099504723 -0.40769459811579095 0.060232510706909451 -0.27751442087567135 -0.32752866808007003 -0.079753991612558306 0.025550766712518581 -0.39840729655239915 -0.474049473450461 -0.54843388394372561
leaf_weight=1058 1108 997 975 946 1287 880 1339 919 886 1141 916 892 895 1243 1129 1135
leaf_count=1058 1108 997 975 946 1287 880 1339 919 886 1141 916 892 895 1243 1129 1135
internal_value=-0.000393834 0.0112815 -0.00196527 -0.000181332 0.00737306 -0.00206743 0.000893124 -0.00456002 0.00305032 -0.00643281 -0.0055486 -0.00418624 0.00134084 -0.00669034 -0.00722507 -0.0074239
internal_weight=17746 2105 15641 11178 2233 8945 4095 4850 2756 4463 3970 1811 1781 2159 3322 2193
internal_count=17746 2105 15641 11178 2233 8945 4095 4850 2756 4463 3970 1811 1781 2159 3322 2193
cat_boundaries=0 1 2
cat_threshold=6274 3520
is_linear=0
shrinkage=0.0477671


Tree=7
num_leaves=15
num_cat=3
split_feature=44 28 44 2 25 28 37 45 7 5 28 44 35 44
split_gain=139.238 57.2776 55.5173 67.8886 24.5447 21.0094 13.5417 7.46164 7.75301 2.5159 1.50011 0.897999 0.295084 0.0446473
threshold=34529.500000000007 0 26542.500000000004 0.73603742496976221 626.75025325455465 1 0.25881904510252057 0.52605993606604307 302.12160235892918 284.52454068963624 2 31140.500000000004 0.18750000000000003 23427.500000000004
decision_type=2 1 2 2 2 1 2 2 2 2 1 2 2 2
left_child=2 -2 6 4 -4 7 -1 -5 -9 -7 -8 -11 13 -12
right_child=1 -3 3 5 -6 9 10 8 -10 11 12 -13 -14 -15
leaf_value=-0.10123268405872586 0.73044454807157078 0.11923877959231169 0.24611149134793092 0.12501326920739622 0.027670250434591533 -0.093317130717331692 -0.37857530536649975 -0.28713710369427198 0.12070018419247965 -0.27759798730811486 -0.52519638066439989 -0.21643398718177365 -0.30965539350535803 -0.50240185204328081
leaf_weight=1619 971 898 1609 1225 1014 968 1702 1298 1044 1340 1401 935 957 903
leaf_count=1619 971 898 1609 1225 1014 968 1702 1298 1044 1340 1401 935 957 903
internal_value=-0.000404364 0.0119332 -0.00184433 0.000504727 0.00703437 -0.00200996 -0.00521122 0.000523918 -0.00105392 -0.00478454 -0.00644883 -0.00566808 -0.00709297 -0.00741371
internal_weight=17884 1869 16015 9433 2623 6810 6582 3567 2342 3243 4963 2275 3261 2304
internal_count=17884 1869 16015 9433 2623 6810 6582 3567 2342 3243 4963 2275 3261 2304
cat_boundaries=0 1 2 3
cat_threshold=6274 464 210
is_linear=0
shrinkage=0.0477671


Tree=8
num_leaves=15
num_cat=2
split_feature=28 35 32 35 10 3 28 32 13 0 6 7 35 13
split_gain=115.948 70.7049 49.1956 37.3716 38.9913 30.3264 23.8174 16.3474 5.61505 4.13561 3.39088 1.65949 0.748902 0.0221341
threshold=0 0.22916666666666671 1.0000000180025095e-35 0.22916666666666671 998.42846422827631 285.61792065010997 1 1.0000000180025095e-35 2.5893192789082247 13.510679762590831 284.96241630350306 292.30680064480549 0.14583333333333334 1.5876650049659622
decision_type=1 2 2 2 2 2 1 2 2 2 2 2 2 2
left_child=1 -1 5 12 -5 -3 7 8 -6 10 -8 -12 13 -2
right_child=3 2 -4 4 6 -7 9 -9 -10 -11 11 -13 -14 -15
leaf_value=-0.34051446820118797 -0.43286332617540868 0.59923914275343593 0.060777498278503955 0.13308655607073355 0.09964564671285582 0.36933273171753678 -0.075752311160761546 -0.2746444481733909 -0.015625980256758206 -0.39745172870421386 -0.21026976810710749 -0.38115986463663176 -0.35853346090091015 -0.57365653889718016
leaf_weight=1098 892 1196 979 1599 1698 1179 1142 1148 1388 1106 887 1016 1112 1362
leaf_count=1098 892 1196 979 1599 1698 1179 1142 1148 1388 1106 887 1016 1112 1362
internal_value=-0.000365655 0.0063015 0.00976011 -0.00259198 -0.00112621 0.0134744 -0.00242996 9.58175e-05 0.00190686 -0.00499498 -0.00409673 -0.00533228 -0.00694671 -0.00745101
internal_weight=17802 4452 3354 13350 9984 2375 8385 4234 3086 4151 3045 1903 3366 2254
internal_count=17802 4452 3354 13350 9984 2375 8385 4234 3086 4151 3045 1903 3366 2254
cat_boundaries=0 1 2
cat_threshold=4226 3396
is_linear=0
shrinkage=0.0477671


Tree=9
num_leaves=15
num_cat=0
split_feature=44 44 2 13 9 29 36 41 8 25 13 13 16 44
split_gain=117.844 60.6926 59.4579 22.6909 19.27 20.1832 19.0963 8.30589 6.58313 4.21862 2.16365 0.577285 1.01382 0.154958
threshold=35380.000000000007 28484.500000000004 0.72769831614486458 1.7206261328927921 1003.2167204284515 175.50000000000003 -0.70710678118654735 0.88917497572200743 298.51010545603862 79.072832190871424 2.7215526339635918 1.8445640435640926 187.15060285373099 24538.500000000004
decision_type=2 2 2 2 2 2 2 2 2 2 2 2 2 2
left_child=1 6 3 -3 -4 10 -1 9 -7 11 -6 12 -8 -13
right_child=-2 2 4 -5 5 8 7 -9 -10 -11 -12 13 -14 -15
leaf_value=0.068096909957987312 0.57890415891618729 0.23182661803626967 0.19505699364157653 0.093107121375311935 -0.18819272058057734 -0.072436854415056567 -0.37725721047297273 -0.088482716389141652 0.13812274907468436 -0.27880718537077098 -0.39642199733978911 -0.53362812371564494 -0.30153060734875115 -0.39889198341088206
leaf_weight=1086 1207 886 878 994 1301 892 1476 1054 1560 1495 1494 1505 1013 938
leaf_count=1086 1207 886 878 994 1301 892 1476 1054 1560 1495 1494 1505 1013 938
internal_value=-0.000525504 -0.00157515 0.00141513 0.00884588 -0.000865293 -0.0019616 -0.00436953 -0.00522886 0.00120067 -0.00587351 -0.0047366 -0.00654786 -0.00602977 -0.00707479
internal_weight=17779 16572 8005 1880 6125 5247 8567 7481 2452 6427 2795 4932 2489 2443
internal_count=17779 16572 8005 1880 6125 5247 8567 7481 2452 6427 2795 4932 2489 2443
is_linear=0
shrinkage=0.0477671


Tree=10
num_leaves=16
num_cat=0
split_feature=41 35 7 36 10 10 37 32 30 6 10 37 7 36 30
split_gain=113.228 45.3168 45.0479 48.0532 17.3485 15.001 8.557 8.48043 8.90234 8.42801 8.08732 4.78448 3.15956 0.634681 0.0889918
threshold=0.84658398682345093 0.31250000000000006 302.83985540392666 -0.9159756150367534 996.30602649868831 1024.1841967667367 0.60355339059327384 1.0000000180025095e-35 0.43668720054757021 290.36390930704425 1017.3601693411487 0.25881904510252057 287.05262035149474 -0.37940952255126059 0.48323066392881592
decision_type=2 2 2 2 2 2 2 2 2 2 2 2 2 2 2
left_child=2 -2 3 -1 11 -3 7 8 12 -10 -4 -5 -6 -8 -15
right_child=1 5 10 4 6 -7 13 -9 9 -11 -12 -13 -14 14 -16
leaf_value=0.15047232894949533 -0.037631223043463932 0.63924749600316988 0.28631518254652388 0.064991681543137086 -0.15933665090774035 0.17993774073915933 -0.26191612785734375 -0.46490583812217678 0.042967426735459766 -0.2142896381525817 0.08645555228771179 -0.10139937632960301 -0.33647420647511583 -0.5401117879327435 -0.38390848441860193
leaf_weight=1419 971 1097 1076 921 952 875 967 1742 956 1084 880 876 1377 1320 1368
leaf_count=1419 971 1097 1076 921 952 875 967 1742 956 1084 880 876 1377 1320 1368
internal_value=-0.000576789 0.00798671 -0.00226407 -0.00328237 -0.00430054 0.012146 -0.00509421 -0.00399985 -0.00287536 -0.000570239 0.00449326 1.15161e-05 -0.00489348 -0.00692333 -0.00730426
internal_weight=17881 2943 14938 12982 11563 1972 9766 6111 4369 2040 1956 1797 2329 3655 2688
internal_count=17881 2943 14938 12982 11563 1972 9766 6111 4369 2040 1956 1797 2329 3655 2688
is_linear=0
shrinkage=0.0477671


Tree=11
num_leaves=15
num_cat=3
split_feature=44 44 1 10 29 26 31 31 41 28 37 52 36 1
split_gain=117.008 50.8057 41.2883 22.8515 24.7612 12.6881 19.173 6.86096 4.96845 4.35763 2.08867 1.71571 0.812405 0.140097
threshold=35176.000000000007 28186.000000000004 0.29566225490188758 998.42846422827631 160.50000000000003 82.201799871074925 0 1 0.88917497572200743 2 0.60355339059327384 1.0000000180025095e-35 -1.0000000180025095e-35 0.22288611248639137
decision_type=2 2 2 2 2 2 1 1 2 1 2 2 2 2
left_child=1 5 3 -3 11 8 -7 9 10 -6 -1 -5 -12 -14
right_child=-2 2 -4 4 7 6 -8 -9 -10 -11 12 -13 13 -15
leaf_value=-0.29164116399370849 0.50693045706784556 0.15914663082512023 0.21165081062764315 -0.3468366906957806 0.12718739968879442 -0.27224177202874544 0.14148683872127221 -0.089954516558151121 -0.10859169904897484 0.0030857102868426058 -0.2747009142255103 -0.1693030891546492 -0.38981779214706602 -0.44793628001412145
leaf_weight=1541 1355 942 1380 1426 1200 1302 949 1188 887 929 1096 1049 1027 1519
leaf_count=1541 1355 942 1380 1426 1200 1302 949 1188 887 929 1096 1049 1027 1519
internal_value=-0.000583606 -0.00169605 0.000993213 -0.000548984 -0.00167146 -0.00431869 -0.00125441 0.00102581 -0.00545468 0.00264211 -0.00602027 -0.00528725 -0.00664533 -0.00711653
internal_weight=17790 16435 8114 6734 5792 8321 2251 3317 6070 2129 5183 2475 3642 2546
internal_count=17790 16435 8114 6734 5792 8321 2251 3317 6070 2129 5183 2475 3642 2546
cat_boundaries=0 1 2 3
cat_threshold=96 29 2432
is_linear=0
shrinkage=0.0477671


Tree=12
num_leaves=15
num_cat=1
split_feature=44 36 0 28 37 32 37 44 9 44 40 14 37 15
split_gain=110.079 51.0653 60.4845 27.512 22.5618 27.034 9.27145 9.10346 8.70499 3.8762 3.14869 0.987059 0.746465 0.0217192
threshold=35176.000000000007 -0.78656609248549292 11.096690999780789 0 0.25881904510252057 1.0000000180025095e-35 -0.12940952255126037 25015.500000000004 1001.2243582305326 29188.500000000004 0.65233619298682533 2.0924644130978582 0.60355339059327384 193.91190553875978
decision_type=2 2 2 1 2 2 2 2 2 2 2 2 2 2
left_child=1 2 -1 4 5 -3 -4 -6 -5 11 -11 12 -10 -13
right_child=-2 3 6 8 7 -7 -8 -9 9 10 -12 13 -14 -15
leaf_value=0.31062561080314877 0.4653666438099206 0.17157257545647117 -0.22667964330615806 -0.041935877823630584 -0.33901940467198038 -0.22428219123995002 0.090107582270606806 -0.023613458479814321 -0.23437700776732723 -0.057763857800218657 -0.33589979456885327 -0.4447274187758905 -0.31797399266907261 -0.62309729266787472
leaf_weight=881 1362 1732 908 1437 1471 903 1366 1330 922 1126 1272 919 1138 952
leaf_count=881 1362 1732 908 1437 1471 903 1366 1330 922 1126 1272 919 1138 952
internal_value=-0.000630803 -0.00171734 0.00374193 -0.00302216 -0.000409725 0.00276185 -0.000373763 -0.0033956 -0.00484375 -0.00561215 -0.00409612 -0.00653639 -0.00580981 -0.00733518
internal_weight=17719 16357 3155 13202 5436 2635 2274 2801 7766 6329 2398 3931 2060 1871
internal_count=17719 16357 3155 13202 5436 2635 2274 2801 7766 6329 2398 3931 2060 1871
cat_boundaries=0 1
cat_threshold=4546
is_linear=0
shrinkage=0.0477671


Tree=13
num_leaves=15
num_cat=2
split_feature=28 35 38 36 3 37 38 9 28 8 13 36 13 1
split_gain=89.4863 52.8618 36.8426 36.7045 21.2413 19.5707 22.2066 18.7883 13.2612 6.41385 2.05823 1.4106 0.538868 0.504814
threshold=0 0.22916666666666671 -0.60785761079279388 -0.9159756150367534 285.21263772630567 0.60355339059327384 -0.60785761079279388 1003.2167204284515 1 297.82060671091227 2.572744539610015 -0.37940952255126059 1.8669996946553928 0.23622243702304863
decision_type=1 2 2 2 2 2 2 2 1 2 2 2 2 2
left_child=1 -1 -3 -2 -4 6 13 -8 9 -9 -10 -7 -13 -5
right_child=3 2 4 5 -6 11 7 8 10 -11 -12 12 -14 -15
leaf_value=-0.2748703144819804 0.1212546349015321 0.033939932839342359 0.53081705079174002 -0.38509876379110014 0.29750613721621444 -0.19203799768067845 0.14637384694085723 -0.035589360271287909 -0.14942042789769194 0.11181279970963713 -0.33578545463832798 -0.33270782033726592 -0.46972057419960944 -0.41146040550594365
leaf_weight=1128 1674 991 1147 1054 1246 1146 882 1724 1039 988 912 1419 1372 1184
leaf_count=1128 1674 991 1147 1054 1246 1146 882 1724 1039 988 912 1419 1372 1184
internal_value=-0.000656014 0.00515522 0.00815193 -0.00261569 0.0113594 -0.00356278 -0.00217406 -0.000552646 -0.00176228 0.000404199 -0.00475267 -0.00630755 -0.00688889 -0.00619037
internal_weight=17906 4512 3384 13394 2393 11720 7783 5545 4663 2712 1951 3937 2791 2238
internal_count=17906 4512 3384 13394 2393 11720 7783 5545 4663 2712 1951 3937 2791 2238
cat_boundaries=0 1 2
cat_threshold=4226 2884
is_linear=0
shrinkage=0.0477671


Tree=14
num_leaves=14
num_cat=2
split_feature=44 44 2 25 28 37 23 7 13 28 8 35 35
split_gain=92.5516 43.9576 37.2294 22.1769 17.9838 10.0875 6.53042 6.77719 2.80887 2.17472 1.43669 0.927461 0.0546744
threshold=35176.000000000007 26599.500000000004 0.73603742496976221 602.46858763831688 0 0.25881904510252057 20.807330543462566 302.12160235892918 2.3082519604409768 1 291.7624719761838 0.14583333333333334 0.062500000000000014
decision_type=2 2 2 2 1 2 2 2 2 1 2 2 2
left_child=1 5 3 -3 6 -1 7 -4 -6 -7 -10 12 -11
right_child=-2 2 4 -5 8 9 -8 -9 10 11 -12 -13 -14
leaf_value=-0.10518776030494735 0.43905580679640099 0.17760275421939659 -0.21950998562383975 -0.0033250984805334627 -0.086853001746099681 -0.22087197697937938 0.12588947345173965 0.09827015070885807 -0.32544108506345593 -0.37399374592303203 -0.1435359294211675 -0.29680209706702892 -0.4320981540342555
leaf_weight=1642 1364 1611 1346 1134 1412 1660 1112 1299 1017 944 966 1471 1012
leaf_count=1642 1364 1611 1346 1134 1412 1660 1112 1299 1017 944 966 1471 1012
internal_value=-0.000800155 -0.00178161 0.000243411 0.00497253 -0.00157135 -0.00476033 0.000707987 -0.00058067 -0.00408445 -0.00581124 -0.00525687 -0.00652191 -0.00722644
internal_weight=17990 16626 9897 2745 7152 6729 3757 2645 3395 5087 1983 3427 1956
internal_count=17990 16626 9897 2745 7152 6729 3757 2645 3395 5087 1983 3427 1956
cat_boundaries=0 1 2
cat_threshold=464 2130
is_linear=0
shrinkage=0.0477671


Tree=15
num_leaves=16
num_cat=5
split_feature=44 44 1 28 26 31 31 10 26 1 35 26 28 31 39
split_gain=93.5757 48.9203 36.3121 19.2723 12.4123 18.6284 9.16679 7.34851 5.56546 4.02462 2.61167 2.53253 1.98411 1.65042 0.284251
threshold=35947.000000000007 28107.000000000004 0.29485354602110464 0 85.389691489202775 1 2 1009.8063286532769 744.77178256725347 0.29485354602110464 0.14583333333333334 814.67443521989242 3 4 -0.22252093395631442
decision_type=2 2 2 1 2 1 1 2 2 2 2 2 1 1 2
left_child=1 4 3 6 9 -6 8 -5 -3 10 14 13 -12 -9 -1
right_child=-2 2 -4 7 5 -7 -8 11 -10 -11 12 -13 -14 -15 -16
leaf_value=-0.33112174135768663 0.5227695981474999 0.12690023777602707 0.20609916578425186 0.024147379899322474 -0.24269725712730067 0.13216753513074742 -0.039913244277113673 -0.080931116611254891 0.034939829148534163 -0.11344579355089103 -0.16726546962765829 -0.30019736558180421 -0.29670820920887864 -0.17607894385025477 -0.37148971943191289
leaf_weight=1011 881 1324 1655 938 1305 905 1268 895 915 1244 1165 904 1263 884 1374
leaf_count=1011 881 1324 1655 938 1305 905 1268 895 915 1244 1165 904 1263 884 1374
internal_value=-0.000649771 -0.00143428 0.00104787 -0.00043179 -0.00407163 -0.00100621 0.00208933 -0.00287199 0.00392317 -0.00518974 -0.00581614 -0.00415239 -0.00471047 -0.00310374 -0.00694081
internal_weight=17931 17050 8783 7128 8267 2210 3507 3621 2239 6057 4813 2683 2428 1779 2385
internal_count=17931 17050 8783 7128 8267 2210 3507 3621 2239 6057 4813 2683 2428 1779 2385
cat_boundaries=0 1 2 3 4 5
cat_threshold=3520 96 29 2512 21
is_linear=0
shrinkage=0.0477671


Tree=16
num_leaves=16
num_cat=2
split_feature=44 44 41 13 28 41 26 35 28 46 41 13 13 39 13
split_gain=77.149 44.7635 32.6326 16.6937 16.1332 12.5642 6.90494 6.67907 6.23179 5.58709 3.44331 1.65768 1.57447 1.04032 0.27487
threshold=35947.000000000007 28186.000000000004 0.63089349388778826 2.0153235292094571 0 0.88917497572200743 780.87738129621823 0.18750000000000003 1 0.23184395843844199 -0.58481178939031186 2.4173477605918845 2.7431401388196477 -0.56174490092936669 1.5876650049659622
decision_type=2 2 2 2 1 2 2 2 1 2 2 2 2 2 2
left_child=1 5 4 -4 12 7 9 13 11 -6 -8 -9 -3 -1 -15
right_child=-2 2 3 -5 6 -7 10 8 -10 -11 -12 -13 -14 14 -16
leaf_value=-0.28569950489292173 0.50862238116495861 -0.12158678711635665 0.20645246105931114 0.056744318650718044 -0.0327067542946093 0.027415599525388946 0.019137594160625951 -0.17877067274938041 -0.048631814572043942 0.10851981763152033 -0.12501271942962186 -0.3935800711268555 -0.28416723343900052 -0.28917760175288515 -0.40695790301146884
leaf_weight=901 900 874 1114 1097 1043 1165 994 1294 1730 1719 878 970 986 943 1359
leaf_count=901 900 874 1114 1097 1043 1165 994 1294 1730 1719 878 970 986 943 1359
internal_value=-0.000788737 -0.00150764 0.000889785 0.00590214 -0.00081642 -0.00400367 0.000694424 -0.00474866 -0.00344432 0.00221426 -0.00154307 -0.00508745 -0.00456095 -0.00637441 -0.00691551
internal_weight=17967 17067 8705 2211 6494 8362 4634 7197 3994 2762 1872 2264 1860 3203 2302
internal_count=17967 17067 8705 2211 6494 8362 4634 7197 3994 2762 1872 2264 1860 3203 2302
cat_boundaries=0 1 2
cat_threshold=44 1594
is_linear=0
shrinkage=0.0477671


Tree=17
num_leaves=15
num_cat=2
split_feature=28 35 32 37 32 10 28 40 35 0 40 35 35 14
split_gain=67.5773 39.9193 24.8034 24.0743 24.6592 29.163 18.6835 15.6674 5.01361 6.01615 3.58839 2.54667 1.85629 0.544209
threshold=0 0.22916666666666671 1.0000000180025095e-35 0.60355339059327384 1.0000000180025095e-35 998.42846422827631 1 0.031174179426909168 0.64583333333333337 12.640368478567412 0.91939013254733981 0.60416666666666685 0.85416666666666685 1.7138983833483417
decision_type=1 2 2 2 2 2 1 2 2 2 2 2 2 2
left_child=1 -1 7 4 5 -2 10 -3 9 -8 -7 -6 13 -5
right_child=3 2 -4 12 11 6 8 -9 -10 -11 -12 -13 -14 -15
leaf_value=-0.24710905194348579 0.17512972640783922 0.16695042118074818 0.023184241065567129 -0.25560935751585234 -0.36871463384487763 -0.29246697005706551 -0.0552575411099216 0.64243497788212811 0.085177212075812969 0.06293800623754392 -0.14595595294635319 -0.13814423511652221 -0.17550048943454796 -0.40272456635837989
leaf_weight=1168 1031 1513 970 883 1697 900 1261 882 1072 1315 1266 946 1644 1356
leaf_count=1168 1031 1513 970 883 1697 900 1261 882 1072 1315 1266 946 1644 1356
internal_value=-0.000906021 0.00412874 0.006779 -0.00261419 -0.0013192 0.000193672 -0.00111895 0.00938894 0.000969878 -0.00016899 -0.00462114 -0.00523817 -0.00578462 -0.0066817
internal_weight=17904 4533 3365 13371 9488 6845 5814 2395 3648 2576 2166 2643 3883 2239
internal_count=17904 4533 3365 13371 9488 6845 5814 2395 3648 2576 2166 2643 3883 2239
cat_boundaries=0 1 2
cat_threshold=4226 56
is_linear=0
shrinkage=0.0477671


Tree=18
num_leaves=15
num_cat=0
split_feature=29 37 32 40 13 8 26 37 25 25 0 41 10 38
split_gain=54.3416 40.8542 39.1719 21.7737 11.1892 9.1488 15.4973 12.791 11.5803 4.94135 1.48992 2.05061 2.43138 1.39726
threshold=28.500000000000004 0.60355339059327384 1.0000000180025095e-35 0.67802080537253973 2.3613375110616395 304.41318440955098 744.77178256725347 0.25881904510252057 422.77741490893999 346.47307099972562 10.610372835933651 -0.27694043983797384 1014.6786584705118 -0.8783796973249266
decision_type=2 2 2 2 2 2 2 2 2 2 2 2 2 2
left_child=-1 2 3 5 -5 6 7 8 -2 -4 -3 12 -12 -11
right_child=1 10 9 4 -6 -7 -8 -9 -10 13 11 -13 -14 -15
leaf_value=0.41098928261007001 0.17522473763871457 -0.082865437326230348 -0.10173497892992196 0.061632160821737322 -0.23444992644774257 0.24478833407640091 -0.03980550884098679 -0.010682108077755928 0.092423199952102603 -0.21198193562143516 -0.17258027697085124 -0.32150936043236028 -0.28060521599730054 -0.44747295744902299
leaf_weight=1512 878 934 1121 1054 1547 916 1581 911 1345 1102 893 1505 1460 1129
leaf_count=1512 878 934 1121 1054 1547 916 1581 911 1345 1102 893 1505 1460 1129
internal_value=-0.00085994 -0.00166005 -0.000125329 0.00164697 -0.00196712 0.00331675 0.00246741 0.00441264 0.00636622 -0.0044785 -0.00536954 -0.00578496 -0.00490122 -0.00577901
internal_weight=17888 16376 11584 8232 2601 5631 4715 3134 2223 3352 4792 3858 2353 2231
internal_count=17888 16376 11584 8232 2601 5631 4715 3134 2223 3352 4792 3858 2353 2231
is_linear=0
shrinkage=0.0477671


Tree=19
num_leaves=15
num_cat=0
split_feature=30 36 7 2 35 32 35 25 2 33 13 30 13 16
split_gain=55.5727 41.0896 45.7119 37.4506 11.3474 13.0176 12.1695 9.56192 3.87705 2.83197 2.75005 0.81549 0.74246 0.805029
threshold=0.088980150581793302 -0.78656609248549292 302.83985540392666 0.74335212774624493 0.18750000000000003 1.0000000180025095e-35 0.47916666666666669 476.77458227711043 0.74528573119441599 1.5000000000000002 2.7928864127032935 0.42847364818617389 1.9685019542353932 175.8493285359439
decision_type=2 2 2 2 2 2 2 2 2 2 2 2 2 2
left_child=-1 3 4 -2 12 6 8 -5 -6 -10 -8 -7 13 -3
right_child=1 2 -4 7 5 11 10 -9 9 -11 -12 -13 -14 -15
leaf_value=0.41707259339891295 0.2054250207040105 -0.26661148722095424 0.21133502702066748 0.10220760680569588 0.04115819464451604 -0.39243395834080536 -0.065597015424856978 -0.16279813490115047 -0.11369154878709675 0.038501523266336615 -0.2798681899806853 -0.22300991982282758 -0.40892185786776947 -0.24877028304862725
leaf_weight=1744 917 1022 1245 1219 962 1092 1684 1233 1096 974 1166 1260 1379 949
leaf_count=1744 917 1022 1245 1219 962 1092 1684 1233 1096 974 1166 1260 1379 949
internal_value=-0.000845744 -0.00171816 -0.00295112 0.00297624 -0.003886 -0.00293189 -0.00173035 -0.000102729 0.000375476 -0.000788118 -0.00397143 -0.00593582 -0.00623044 -0.0056301
internal_weight=17942 16198 12829 3369 11584 8234 5882 2452 3032 2070 2850 2352 3350 1971
internal_count=17942 16198 12829 3369 11584 8234 5882 2452 3032 2070 2850 2352 3350 1971
is_linear=0
shrinkage=0.0477671


end of trees

feature_importances:
total_load_actual=30
month=28
utc_time_day_fraction=28
wind_speed=23
day_hour_cos=16
pressure_rolling3h=14
day_of_year_cos=13
is_weekend=12
temp_max=10
solar_flux_Wm2_rolling3h=10
sunset_day_fraction_utc=9
day_hour_sin=8
solar_flux_Wm2=7
day_of_week=7
sunrise_day_fraction_utc=6
temp_max_rolling3h=6
day_of_year=6
daylight_length_hr=5
temp_min=5
pressure=5
date_fraction_of_year=5
day_of_week_sin=4
day_of_year_sin=4
wind_speed_rolling3h=3
wind_deg_rolling3h=3
temp=2
temp_min_rolling3h=2
day_of_week_cos=2
wx_clear=2
humidity_rolling3h=1
wind_deg=1
rain_1h=1
clouds_all=1
season=1
wx_clouds=1
wx_rain=1

parameters:
[boosting: gbdt]
[objective: quantile]
[metric: quantile]
[tree_learner: serial]
[device_type: cpu]
[data_sample_strategy: bagging]
[data: ]
[valid: ]
[num_iterations: 1080]
[learning_rate: 0.0477671]
[num_leaves: 509]
[num_threads: -1]
[seed: 42]
[deterministic: 0]
[force_col_wise: 0]
[force_row_wise: 0]
[histogram_pool_size: -1]
[max_depth: 15]
[min_data_in_leaf: 874]
[min_sum_hessian_in_leaf: 0.001]
[bagging_fraction: 0.750601]
[pos_bagging_fraction: 1]
[neg_bagging_fraction: 1]
[bagging_freq: 1]
[bagging_seed: 400]
[bagging_by_query: 0]
[feature_fraction: 0.631132]
[feature_fraction_bynode: 1]
[feature_fraction_seed: 30056]
[extra_trees: 0]
[extra_seed: 12879]
[early_stopping_round: 0]
[early_stopping_min_delta: 0]
[first_metric_only: 0]
[max_delta_step: 0]
[lambda_l1: 0.0467169]
[lambda_l2: 2.65466e-06]
[linear_lambda: 0]
[min_gain_to_split: 0]
[drop_rate: 0.1]
[max_drop: 50]
[skip_drop: 0.5]
[xgboost_dart_mode: 0]
[uniform_drop: 0]
[drop_seed: 17869]
[top_rate: 0.2]
[other_rate: 0.1]
[min_data_per_group: 100]
[max_cat_threshold: 32]
[cat_l2: 10]
[cat_smooth: 10]
[max_cat_to_onehot: 4]
[top_k: 20]
[monotone_constraints: ]
[monotone_constraints_method: basic]
[monotone_penalty: 0]
[feature_contri: ]
[forcedsplits_filename: ]
[refit_decay_rate: 0.9]
[cegb_tradeoff: 1]
[cegb_penalty_split: 0]
[cegb_penalty_feature_lazy: ]
[cegb_penalty_feature_coupled: ]
[path_smooth: 0]
[interaction_constraints: ]
[verbosity: -1]
[saved_feature_importance_type: 0]
[use_quantized_grad: 0]
[num_grad_quant_bins: 4]
[quant_train_renew_leaf: 0]
[stochastic_rounding: 1]
[linear_tree: 0]
[max_bin: 255]
[max_bin_by_feature: ]
[min_data_in_bin: 3]
[bin_construct_sample_cnt: 200000]
[data_random_seed: 175]
[is_enable_sparse: 1]
[enable_bundle: 1]
[use_missing: 1]
[zero_as_missing: 0]
[feature_pre_filter: 1]
[pre_partition: 0]
[two_round: 0]
[header: 0]
[label_column: ]
[weight_column: ]
[group_column: ]
[ignore_column: ]
[categorical_feature: 28,31]
[forcedbins_filename: ]
[precise_float_parser: 0]
[parser_config_file: ]
[objective_seed: 16083]
[num_class: 1]
[is_unbalance: 0]
[scale_pos_weight: 1]
[sigmoid: 1]
[boost_from_average: 1]
[reg_sqrt: 0]
[alpha: 0.84]
[fair_c: 1]
[poisson_max_delta_step: 0.7]
[tweedie_variance_power: 1.5]
[lambdarank_truncation_level: 30]
[lambdarank_norm: 1]
[label_gain: ]
[lambdarank_position_bias_regularization: 0]
[eval_at: ]
[multi_error_top_k: 1]
[auc_mu_weights: ]
[num_machines: 1]
[local_listen_port: 12400]
[time_out: 120]
[machine_list_filename: ]
[machines: ]
[gpu_platform_id: -1]
[gpu_device_id: -1]
[gpu_use_dp: 0]
[num_gpu: 1]

end of parameters

pandas_categorical:[]
