tree
version=v4
num_class=1
num_tree_per_iteration=1
label_index=0
max_feature_idx=55
objective=quantile
feature_names=daylight_length_hr sunrise_day_fraction_utc sunset_day_fraction_utc temp temp_rolling3h temp_min temp_min_rolling3h temp_max temp_max_rolling3h pressure pressure_rolling3h humidity humidity_rolling3h wind_speed wind_speed_rolling3h wind_deg wind_deg_rolling3h rain_1h rain_1h_rolling3h rain_3h rain_3h_rolling3h snow_3h snow_3h_rolling3h clouds_all clouds_all_rolling3h solar_flux_Wm2 solar_flux_Wm2_rolling3h severity month day_of_year date_fraction_of_year day_of_week is_weekend season is_holiday utc_time_day_fraction day_hour_sin day_hour_cos day_of_week_sin day_of_week_cos day_of_year_sin day_of_year_cos month_sin month_cos wx_clear wx_clouds wx_drizzle wx_dust wx_fog wx_haze wx_mist wx_rain wx_smoke wx_snow wx_squall wx_thunderstorm
feature_infos=[9.3596828722609828:14.968733129411385] [0.19410002162982243:0.31163495189900325] [0.69654878201595027:0.81871011031084839] [269.72646691159127:309.90396711280073] [270.65299242019148:309.71861066259777] [268.89369968804601:308.92749021087911] [269.32665650944762:308.62831380393885] [269.72646691159127:313.73456373403258] [270.65299242019148:312.96198277559341] [766.84632627970336:244890.38201182318] [836.29636365775127:243203.46984729479] [19.249089573633061:99.999999999999986] [21.277255594968899:99.313404638227439] [0:19.886087171848004] [0.27367250609567723:11.315541801258044] [0:344.88001392443181] [14.526704245087544:339.7524872426664] [0:4.405107912851479] [0:3.163355462094652] [0:0.12065750398577889] [0:0.04212472235621962] [0:1.1205772508398473] [0:1.1205772508398473] [0:96.351263531536162] [0:94.622869702986307] [0:875.66486422107903] [0:872.68927008715661] [0:4.5344590809815166] -1:1:3:5:7:8:4:6:2:9:12:10:11 [1:366] [0.0027378507871321013:1.0020533880903491] -1:0:3:4:5:6:1:2 [0:1] [0:3] [0:1] [0:0.95833333333333337] [-1:1] [-1:1] [-0.97492791218182362:0.97492791218182362] [-0.90096886790241903:1] [-0.9999994220246925:0.99998555065071859] [-0.99997919295908233:0.9999907524084426] [-1:1] [-1:1] [0:1] [0:1] [0:0.72632749390432283] [0:0.24213528291329262] [0:0.82968275562592209] [0:0.58754747271262941] [0:0.84452486614631483] [0:1] none [0:0.48419221099103016] none [0:0.84452486614631483]
tree_sizes=1470 1493 1471 1367 1486 1474 1551 1291 1483 1395 1550 1288 1369 1389 1202 1241 1277 1546 1466 1371 1393 1446 1557 1291 1445 1461 1365 1454 1573 1468 1449 1529 1458 1533 1457 1448 1560 1566

Tree=0
num_leaves=16
num_cat=4
split_feature=14 37 13 29 40 28 9 35 28 31 40 28 11 1 24
split_gain=124.194 39.5675 16.7993 17.7714 11.9639 9.11676 9.60863 8.63325 6.93466 5.92964 7.56511 5.60501 3.76723 3.46336 1.71953
threshold=1.9153558929465595 0.1294095225512602 1.6549908740541721 32.500000000000007 -0.97509794945709805 0 993.45929899936107 0.60416666666666685 1 2 -0.9905448150984083 3 58.147531538568977 0.31102062593850105 15.131835250684139
decision_type=2 2 2 2 2 1 2 2 1 1 2 1 2 2 2
left_child=1 2 3 -1 9 12 -7 8 -6 14 -11 -4 -3 -9 -2
right_child=4 5 11 -5 7 6 -8 13 -10 10 -12 -13 -14 -15 -16
leaf_value=2299.9834223952494 2369.4710312298125 2381.7845843034306 2263.4345801345712 2150.5193324135375 2273.3861662501408 2171.234081597047 2247.8691343156261 2415.9266988140616 2355.4951538373343 2234.7887856487696 2119.875384572591 2187.2920693097462 2286.8303153714478 2189.8779152527873 2228.0163311943097
leaf_weight=325 131 330 661 2315 2010 312 2154 6044 4583 138 104 1420 1482 162 185
leaf_count=325 131 330 661 2315 2010 312 2154 6044 4583 138 104 1420 1482 162 185
internal_value=2276 2275.99 2275.98 2275.97 2276.01 2276 2275.99 2276.01 2276.01 2275.99 2275.97 2275.99 2276 2276.01 2276
internal_weight=22356 8999 4721 2640 13357 4278 2466 12799 6593 558 242 2081 1812 6206 316
internal_count=22356 8999 4721 2640 13357 4278 2466 12799 6593 558 242 2081 1812 6206 316
cat_boundaries=0 1 2 3 4
cat_threshold=426 3332 43 4138
is_linear=0
shrinkage=1


Tree=1
num_leaves=15
num_cat=1
split_feature=13 37 35 29 40 29 40 28 40 45 10 40 20 9
split_gain=72.5204 42.0335 14.5376 12.3528 11.8829 11.8819 10.4885 9.47869 8.27862 5.5016 3.68622 2.56462 2.17118 1.49411
threshold=1.7947394148448919 -0.12940952255126037 0.60416666666666685 363.50000000000006 0.1849296026015865 32.500000000000007 0.99374995976406788 0 0.1169228398841501 0.40503147202717421 1025.9534281187593 -0.90163369914317015 3.7072852751027439e-05 1019.1881624086396
decision_type=2 2 2 2 2 2 2 1 2 2 2 2 2 2
left_child=1 5 4 7 8 10 -7 -3 -2 -6 -1 13 -13 -4
right_child=2 3 11 -5 9 6 -8 -9 -10 -11 -12 12 -14 -15
leaf_value=108.66939316785684 -12.367584464213024 33.826551691367264 -1.2948680030230224 -88.739992763178321 110.73310756002317 -111.30040222397363 277.25645095784284 -37.342116980151935 -133.91978043063071 23.63374597008643 -103.45948234685419 129.71110996211846 36.286628276861343 73.075845032454197
leaf_weight=261 3485 2195 522 37 2325 2410 80 3062 166 2128 106 4988 488 103
leaf_count=261 3485 2195 522 37 2325 2410 80 3062 166 2128 106 4988 488 103
internal_value=0.000206293 -0.0103145 0.00624326 -0.00293279 0.00235927 -0.0239927 -0.0274571 -0.00236573 -0.00355813 0.00721094 -0.000487841 0.0114024 0.0123716 0.00291036
internal_weight=22356 8151 14205 5294 8104 2857 2490 5257 3651 4453 367 6101 5476 625
internal_count=22356 8151 14205 5294 8104 2857 2490 5257 3651 4453 367 6101 5476 625
cat_boundaries=0 1
cat_threshold=422
is_linear=0
shrinkage=0.139927


Tree=2
num_leaves=15
num_cat=3
split_feature=13 25 10 2 37 40 28 40 41 13 36 31 40 31
split_gain=58.6077 36.9179 14.1727 11.3753 11.3518 8.5667 8.25878 7.20058 6.27144 6.05446 5.33217 2.56967 2.5216 2.46196
threshold=1.8669996946553928 515.73123694511037 1030.3088517836543 0.81863794884685326 -0.60355339059327384 0.99374995976406788 0 0.21862473630160603 0.93769647993491489 3.0618232362760165 0.78656609248549325 1 0.99552231814189451 2
decision_type=2 2 2 2 2 2 1 2 2 2 2 1 2 1
left_child=1 2 6 5 7 -3 -1 9 -4 -2 11 -6 -9 -12
right_child=4 3 8 -5 10 -7 -8 12 -10 -11 13 -13 -14 -15
leaf_value=42.364405711944244 -67.682503770151271 -90.227014453718311 -84.026899357837479 -170.58116287862038 135.34546589929525 237.14077545683833 -24.191513183544632 32.747931677467477 -97.4907123760415 15.709870434414011 57.290975182103196 78.560750409730119 186.43437864554429 -22.846143219171005
leaf_weight=2041 1216 2570 196 62 2891 87 3578 2320 174 1059 1139 3964 166 893
leaf_count=2041 1216 2570 196 62 2891 87 3578 2320 174 1059 1139 3964 166 893
internal_value=0.000312697 -0.00865655 -0.00251769 -0.0221783 0.00603546 -0.0207957 -0.000770968 0.000521954 -0.0290441 -0.0051665 0.00898918 0.0108553 0.00572762 0.00269383
internal_weight=22356 8708 5989 2719 13648 2657 5619 4761 370 2275 8887 6855 2486 2032
internal_count=22356 8708 5989 2719 13648 2657 5619 4761 370 2275 8887 6855 2486 2032
cat_boundaries=0 1 2 3
cat_threshold=418 35 43
is_linear=0
shrinkage=0.139927


Tree=3
num_leaves=14
num_cat=4
split_feature=13 40 40 0 41 36 28 40 45 31 31 28 23
split_gain=44.0456 13.9903 17.8568 17.2141 13.4535 9.41692 8.19163 14.1752 3.88188 3.97721 3.34369 1.84013 0.101191
threshold=1.7947394148448919 0.9916835347852474 0.91939013254733981 13.55168500429008 0.99988440732898443 1.0000000180025095e-35 0 0.68432406471780916 0.76815604156155814 1 2 3 0.9569816999589984
decision_type=2 2 2 2 2 2 1 2 2 1 1 1 2
left_child=1 2 4 -4 -1 8 10 -8 9 -2 -7 -10 -3
right_child=5 12 3 -5 -6 6 7 -9 11 -11 -12 -13 -14
leaf_value=-34.280910005049606 114.16366583256654 111.21606153611067 -74.667056816217283 -169.57883391658706 -68.060182937629008 -18.211435464794661 -52.049643298662566 272.72146085212961 72.979940091409716 62.26193233754978 65.711055134574593 -6.5826817625661285 271.12119741268168
leaf_weight=7129 1824 35 590 85 39 903 2549 396 515 4691 2131 1196 273
leaf_count=7129 1824 35 590 85 39 903 2549 396 515 4691 2131 1196 273
internal_value=0.000425359 -0.00777381 -0.00892262 -0.0306801 -0.00687373 0.00513015 0.00090428 -0.00434694 0.00820168 0.00975942 0.00599605 0.00227019 0.0214794
internal_weight=22356 8151 7843 675 7168 14205 5979 2945 8226 6515 3034 1711 308
internal_count=22356 8151 7843 675 7168 14205 5979 2945 8226 6515 3034 1711 308
cat_boundaries=0 1 2 3 4
cat_threshold=5178 34 80 4370
is_linear=0
shrinkage=0.139927


Tree=4
num_leaves=15
num_cat=1
split_feature=36 29 25 29 40 31 23 40 18 40 40 40 17 0
split_gain=24.5174 14.8203 14.509 11.3839 9.33199 13.4142 8.42778 5.66965 5.60469 5.15742 4.94663 5.09505 1.2858 0.1692
threshold=0.25881904510252091 263.50000000000006 346.47307099972562 364.50000000000006 0.1849296026015865 0 5.7093520085006029 0.99552231814189451 0.11819737224199206 0.99374995976406788 0.99053107487289871 0.91939013254733981 0.22054694067731476 12.874194284254001
decision_type=2 2 2 2 2 1 2 2 2 2 2 2 2 2
left_child=1 8 10 6 5 -4 -3 -6 9 -1 11 -2 -10 -12
right_child=2 3 4 -5 7 -7 -8 -9 12 -11 13 -13 -14 -15
leaf_value=32.995246788426023 3.5824902332723991 -58.728777786579464 -43.252883267061243 -72.470671797514697 -39.261744098273191 -108.44771848889846 2.8752303271233779 141.70044842976543 89.388273233833687 197.53445038676276 296.7659780772243 -59.721635696741245 201.80821714166191 40.20892229577629
leaf_weight=8183 4045 626 1336 40 2076 995 2056 155 996 444 182 432 747 43
leaf_count=8183 4045 626 1336 40 2076 995 2056 155 996 444 182 432 747 43
internal_value=0.000331474 0.00422943 -0.00517716 -0.00495961 -0.0107991 -0.0169905 -0.00385448 -0.00433011 0.00664145 0.00517924 0.000277338 -0.000740094 0.0138786 0.0205223
internal_weight=22356 13092 9264 2722 4562 2331 2682 2231 10370 8627 4702 4477 1743 225
internal_count=22356 13092 9264 2722 4562 2331 2682 2231 10370 8627 4702 4477 1743 225
cat_boundaries=0 1
cat_threshold=99
is_linear=0
shrinkage=0.139927


Tree=5
num_leaves=15
num_cat=3
split_feature=14 37 14 24 40 45 10 7 34 10 31 40 28 28
split_gain=53.4481 22.3831 12.0866 8.09847 6.47275 6.29905 5.7201 9.09208 5.58623 7.95937 5.0835 6.05857 4.45831 1.82905
threshold=2.1180608494082871 0.37940952255126048 1.195392910123515 54.032855099678621 0.99552231814189451 0.76815604156155814 1028.8576297373152 278.15588461263553 1.0000000180025095e-35 1004.6634939437994 0 -0.97509794945709805 1 2
decision_type=2 2 2 2 2 2 2 2 2 2 1 2 1 1
left_child=1 2 3 -1 -4 10 12 -8 9 -7 13 -12 -3 -2
right_child=5 6 4 -5 -6 8 7 -9 -10 -11 11 -13 -14 -15
leaf_value=-75.216825335911267 128.71186128071659 -24.030346874167822 -44.430812994763173 -179.58172623241376 158.65099278234155 309.70896745145347 -108.50301504006687 -34.237591202455363 -153.25652309556256 -15.824847917779143 -51.548999058923052 64.954165407239458 39.201272012578983 81.757240416016288
leaf_weight=1423 1274 1111 4833 68 145 365 54 335 52 1978 200 6564 2695 1259
leaf_count=1423 1274 1111 4833 68 145 365 54 335 52 1978 200 6564 2695 1259
internal_value=0.000343992 -0.00681998 -0.0119823 -0.0230339 -0.00867218 0.00687809 0.00114074 -0.0150213 0.000479051 0.00148583 0.00852654 0.00649107 0.00279263 0.0138815
internal_weight=22356 10664 6469 1491 4978 11692 4195 389 2395 2343 9297 6764 3806 2533
internal_count=22356 10664 6469 1491 4978 11692 4195 389 2395 2343 9297 6764 3806 2533
cat_boundaries=0 1 2 3
cat_threshold=34 1552 4722
is_linear=0
shrinkage=0.139927


Tree=6
num_leaves=16
num_cat=2
split_feature=14 0 28 14 31 1 29 0 33 19 9 1 17 0 45
split_gain=41.7433 13.8871 11.5667 9.45607 7.22179 6.8002 6.3317 20.404 6.78763 6.29945 4.97913 4.44383 4.30743 3.36085 3.30665
threshold=1.5332533535819775 14.918216744876958 0 2.1180608494082871 1 0.31112149931579086 44.500000000000007 10.306570918752319 1.0000000180025095e-35 0.0072488757426887023 1026.3245984389446 0.19461756167377894 0.033232895094538702 14.954328930459488 0.86316374695216147
decision_type=2 2 1 2 1 2 2 2 2 2 2 2 2 2 2
left_child=1 2 10 9 13 -4 7 -5 -8 14 -1 -6 -11 -3 -2
right_child=3 4 5 6 11 -7 8 -9 -10 12 -12 -13 -14 -15 -16
leaf_value=54.594829901289316 2.9983227272682393 -156.56824792258416 -50.08425242911359 80.080723462454159 42.341004033255082 -62.471960710529565 234.80517596491467 -93.098022374037399 48.655859167841967 -20.995769331429461 -62.012422030448484 -43.342048024519094 -104.0429711098021 -110.95939744549702 -47.603799347963573
leaf_weight=1085 4674 56 3919 1156 57 46 1003 468 9065 39 216 86 42 55 389
leaf_count=1085 4674 56 3919 1156 57 46 1003 468 9065 39 216 86 42 55 389
internal_value=0.000450395 -0.0101092 -0.00856778 0.00391256 -0.0420659 -0.0123065 0.00611215 -0.00199547 0.00741994 -0.00108698 0.00289881 -0.0165713 -0.0398005 -0.0673493 -0.000467608
internal_weight=22356 5520 5266 16836 254 3965 11692 1624 10068 5144 1301 143 81 111 5063
internal_count=22356 5520 5266 16836 254 3965 11692 1624 10068 5144 1301 143 81 111 5063
cat_boundaries=0 1 2
cat_threshold=74 76
is_linear=0
shrinkage=0.139927


Tree=7
num_leaves=13
num_cat=3
split_feature=14 1 37 40 40 14 31 10 17 28 31 9
split_gain=34.1725 10.523 9.98598 9.16487 9.32462 7.37733 5.89592 5.46104 3.28264 3.91898 3.43757 0.0231175
threshold=1.5332533535819775 0.19420089500711227 -0.12940952255126037 0.99374995976406788 0.91939013254733981 2.4401531298719443 0 1004.6634939437994 0.11101468614850994 1 2 1019.1881624086396
decision_type=2 2 2 2 2 2 1 2 2 1 1 2
left_child=1 -1 5 4 -3 6 -2 -7 10 -10 -4 -5
right_child=2 3 8 11 -6 7 -8 -9 9 -11 -12 -13
leaf_value=-115.95224620619537 16.47073873394579 -33.969353072411202 69.292174454099722 298.0741286095149 -92.613704647501578 156.87660848811706 -43.26988626090634 8.4404522857490729 -44.521661826158841 145.84102286479342 22.159185843975383 168.30756302806452
leaf_weight=39 1005 4809 3192 35 469 848 2355 3648 144 1328 4333 153
leaf_count=39 1005 4809 3192 35 469 848 2355 3648 144 1328 4333 153
internal_value=0.000339705 -0.00923185 0.00346624 -0.00871507 -0.00979645 -0.000178819 -0.00513896 0.00352803 0.00664904 0.0126922 0.00546689 0.0216436
internal_weight=22358 5505 16853 5466 5278 7856 3360 4496 8997 1472 7525 188
internal_count=22358 5505 16853 5466 5278 7856 3360 4496 8997 1472 7525 188
cat_boundaries=0 1 2 3
cat_threshold=34 1280 35
is_linear=0
shrinkage=0.139927


Tree=8
num_leaves=15
num_cat=1
split_feature=13 25 9 40 10 34 29 0 10 28 25 10 41 41
split_gain=16.0222 17.6912 6.12453 6.77296 5.89173 11.4632 6.39567 19.9653 5.84297 5.96729 5.76854 5.07574 4.68959 2.56422
threshold=2.1029130204503135 617.96518512994282 1021.7181054697955 0.92273069556937592 1005.3476821124385 1.0000000180025095e-35 44.500000000000007 10.418609292883497 1028.8576297373152 0 33.345017727174785 1025.9534281187593 -0.98212955754013376 0.99958851518450398
decision_type=2 2 2 2 2 2 2 2 2 1 2 2 2 2
left_child=1 8 3 -3 5 12 7 -6 9 -1 -8 -4 -2 -10
right_child=4 2 11 -5 6 -7 10 -9 13 -11 -12 -13 -14 -15
leaf_value=59.566398188095675 -111.97472282069769 -62.9835042797406 26.705688977182977 -109.06474615748463 7.004615163401934 -158.21448483259948 74.888901263865932 -112.58711297787701 -48.502822381611175 -6.9563382798972011 7.3387550325314281 -35.343385406963769 141.46632262603268 -48.927788200440602
leaf_weight=2248 46 1875 429 234 913 44 3113 200 613 4593 5406 452 2143 49
leaf_count=2248 46 1875 429 234 913 44 3113 200 613 4593 5406 452 2143 49
internal_value=0.000421065 -0.0035621 -0.0126636 -0.0167567 0.00394365 0.0104196 0.00244232 -0.0075331 6.48897e-05 0.0012796 0.0037456 -0.00286516 0.011841 -0.0124876
internal_weight=22358 10493 2990 2109 11865 2233 9632 1113 7503 6841 8519 881 2189 662
internal_count=22358 10493 2990 2109 11865 2233 9632 1113 7503 6841 8519 881 2189 662
cat_boundaries=0 1
cat_threshold=4386
is_linear=0
shrinkage=0.139927


Tree=9
num_leaves=14
num_cat=1
split_feature=14 40 29 29 31 40 2 15 29 2 10 33 13
split_gain=22.5573 9.76136 7.90761 7.12576 6.92875 11.3114 9.69615 6.26709 5.89356 6.16689 5.16443 3.72146 0.0746592
threshold=1.7226740003203977 0.99374995976406788 32.500000000000007 364.50000000000006 0 -0.90893996196865023 0.76577907061594985 133.63630900276129 42.500000000000007 0.73050343539474361 1026.4811339798905 1.0000000180025095e-35 1.9348461598504441
decision_type=2 2 2 2 1 2 2 2 2 2 2 2 2
left_child=1 2 10 -4 8 6 -6 -7 9 -2 -1 -10 -3
right_child=4 12 3 -5 5 7 -8 -9 11 -11 -12 -13 -14
leaf_value=137.53581839207402 14.246656423749595 156.77756144010971 -33.461062311030652 -45.465807915746595 -35.410280557263249 79.005770706362938 -157.66770869908399 1.1568482849886863 322.05229134953589 -60.775900536140064 -58.941995150244843 44.709398747638268 232.33843639109423
leaf_weight=646 613 204 6176 43 736 2136 159 5591 647 169 195 4999 44
leaf_count=646 613 204 6176 43 736 2136 159 5591 647 169 195 4999 44
internal_value=0.000352222 -0.00602595 -0.00698443 -0.00870654 0.00344935 0.000851352 -0.0140395 0.00257723 0.00692199 -0.0044518 0.00575006 0.00850959 0.0212596
internal_weight=22358 7308 7060 6219 15050 8622 895 7727 6428 782 841 5646 248
internal_count=22358 7308 7060 6219 15050 8622 895 7727 6428 782 841 5646 248
cat_boundaries=0 1
cat_threshold=35
is_linear=0
shrinkage=0.139927


Tree=10
num_leaves=16
num_cat=2
split_feature=37 13 29 1 19 28 27 28 13 24 13 10 15 7 13
split_gain=11.791 12.7341 5.65501 7.1666 5.48397 5.40156 5.081 4.98659 4.84499 5.54387 5.9881 3.58056 3.0011 1.72136 0.559222
threshold=0.1294095225512602 2.4543230934728331 12.500000000000002 0.31162409359230914 0.0081677632356120956 0 0.71130048690651837 1 1.8669996946553928 50.907914426550775 1.2421744603310705 993.07768191605294 106.88653793645067 283.27146814831076 2.3771453000706093
decision_type=2 2 2 2 2 1 2 1 2 2 2 2 2 2 2
left_child=1 4 3 -3 5 -1 -6 -4 9 11 -11 -2 14 -14 -10
right_child=8 2 7 -5 6 -7 -8 -9 12 10 -12 -13 13 -15 -16
leaf_value=-10.72881406380079 -37.910771873529271 -155.07177608746781 61.540832843340695 136.9439393800854 -4.0384178380837303 -46.372125498930124 -99.407506585627047 -3.348366595393375 76.394778087731837 -129.99744249332963 -12.347090810254871 18.26280287143782 72.117626433808326 38.765329444312918 176.23477979477215
leaf_weight=2705 403 94 2486 74 37 3169 38 3506 260 114 228 4139 1129 3516 460
leaf_count=2705 403 94 2486 74 37 3169 38 3506 260 114 228 4139 1129 3516 460
internal_value=0.000396031 -0.00256025 0.00189899 -0.0234207 -0.00717767 -0.0066976 -0.0447756 0.0026089 0.00388883 0.000700191 -0.0164801 0.00199383 0.00679158 0.00548861 0.0151975
internal_weight=22358 12109 6160 168 5949 5874 75 5992 10249 4884 342 4542 5365 4645 720
internal_count=22358 12109 6160 168 5949 5874 75 5992 10249 4884 342 4542 5365 4645 720
cat_boundaries=0 1 2
cat_threshold=4394 4154
is_linear=0
shrinkage=0.139927


Tree=11
num_leaves=13
num_cat=0
split_feature=14 30 25 14 16 23 16 0 7 0 22 45
split_gain=14.0258 8.078 7.6443 6.13504 4.58889 4.24926 3.92722 4.65863 2.8463 3.04124 2.68266 1.59157
threshold=2.1180608494082871 0.99794661190965106 346.47307099972562 0.94849590117481419 104.64820306243796 58.476568614462217 254.80566973995067 12.207019328223923 303.66833226517554 13.987641896270761 1.0000000180025095e-35 0.16289618911388162
decision_type=2 2 2 2 2 2 2 2 2 2 2 2
left_child=1 2 5 -4 8 -1 7 -6 11 -10 -8 -2
right_child=4 -3 3 -5 6 -7 10 -9 9 -11 -12 -13
leaf_value=5.4409570754911707 238.73988183308649 -42.376675697674216 -67.840305605467464 -25.697684505159401 -14.228684992597945 -62.337798422316986 102.02422337037959 33.899943148018565 212.63390608031946 -69.345478261214524 -168.87960370841549 78.384072059867876
leaf_weight=5635 419 52 433 4202 3119 351 1079 6118 38 56 86 770
leaf_count=5635 419 52 433 4202 3119 351 1079 6118 38 56 86 770
internal_value=0.000345964 -0.00332111 -0.00305174 -0.00731784 0.00369545 0.000251509 0.00272158 0.00175601 0.0115911 -0.0118484 0.0103773 0.0134442
internal_weight=22358 10673 10621 4635 11685 5986 10402 9237 1283 94 1165 1189
internal_count=22358 10673 10621 4635 11685 5986 10402 9237 1283 94 1165 1189
is_linear=0
shrinkage=0.139927


Tree=12
num_leaves=14
num_cat=0
split_feature=40 18 2 38 40 40 2 16 38 40 36 18 7
split_gain=11.5127 9.71175 14.1261 14.0774 11.5829 4.8267 4.41245 2.77492 1.08453 2.61275 0.392748 0.35126 0.958457
threshold=0.99552231814189451 0.1073979974059167 0.81823214048688075 0.87837969732492682 0.91939013254733981 -0.59869031648930193 0.79243796986733217 112.71246162880963 0.6078576107927941 0.99761913169647187 -0.37940952255126059 0.086947108691614844 284.93111498421189
decision_type=2 2 2 2 2 2 2 2 2 2 2 2 2
left_child=1 2 4 -4 -1 6 -3 -7 11 -10 -11 -2 -13
right_child=8 5 3 -5 -6 7 -8 -9 9 10 -12 12 -14
leaf_value=1.8199978655207694 397.81779143360444 -0.50748606156414655 -50.150023425801379 -219.70956963973583 -56.213908206704772 174.21680016619558 -63.294678110557122 51.802789562099896 -34.784452404484803 32.261626099330115 86.469791318962294 -32.378240081960115 309.35707864917612
leaf_weight=15806 433 630 504 86 1853 582 64 2086 45 58 100 35 76
leaf_count=15806 433 630 504 86 1853 582 64 2086 45 58 100 35 76
internal_value=0.000252087 -0.000338241 -0.00161143 -0.0229099 -0.000899826 0.00657262 -0.00382268 0.00927667 0.0173306 0.00860205 0.0170742 0.0205876 0.0135634
internal_weight=22358 21611 18249 590 17659 3362 694 2668 747 203 158 544 111
internal_count=22358 21611 18249 590 17659 3362 694 2668 747 203 158 544 111
is_linear=0
shrinkage=0.139927


Tree=13
num_leaves=14
num_cat=1
split_feature=14 24 1 14 37 40 27 31 15 40 9 10 41
split_gain=10.8368 7.27337 6.82352 6.49166 6.3091 5.90155 4.95153 4.75268 4.7287 4.4415 3.94033 2.35177 1.3007
threshold=1.5332533535819775 57.769712371959379 0.19420089500711227 1.0507297965396074 -0.12940952255126037 0.99552231814189451 2.7719680641241626 0 98.700097390275573 -0.98214942551678475 1019.4413792933292 1027.9058767522301 -0.57077231802681661
decision_type=2 2 2 2 2 2 2 1 2 2 2 2 2
left_child=1 2 -1 -3 6 -4 7 -2 11 -10 -5 -6 -8
right_child=4 3 5 10 8 -7 12 -9 9 -11 -12 -13 -14
leaf_value=-81.263123994076068 20.150486814607405 -108.68450056997906 -18.609859827713461 -10.379319962051969 98.347975872525566 101.48989770394108 -13.830752228719412 -22.148670407984508 -38.924364740342462 30.062297597159166 -106.6120600319647 -39.134437360183213 168.60249468115046
leaf_weight=35 2149 41 5078 147 1249 166 73 5306 266 7444 38 38 328
leaf_count=35 2149 41 5078 147 1249 166 73 5306 266 7444 38 38 328
internal_value=0.000352222 -0.00503786 -0.00398547 -0.0296196 0.00211289 -0.00357447 -0.000784408 -0.00159915 0.00464275 0.0033321 -0.0184548 0.0124944 0.0143624
internal_weight=22358 5505 5279 226 16853 5244 7856 7455 8997 7710 185 1287 401
internal_count=22358 5505 5279 226 16853 5244 7856 7455 8997 7710 185 1287 401
cat_boundaries=0 1
cat_threshold=34
is_linear=0
shrinkage=0.139927


Tree=14
num_leaves=12
num_cat=0
split_feature=40 35 40 0 32 16 1 10 9 12 20
split_gain=10.7188 8.72132 8.59927 10.0656 6.587 4.10715 3.57354 3.27198 0.356402 1.22113 0.119721
threshold=0.99761913169647187 0.60416666666666685 -0.98214942551678475 11.950196198115718 1.0000000180025095e-35 226.59474183726539 0.31102062593850105 1030.3088517836543 1023.4747853690588 58.854484054840817 0.0017280745774546024
decision_type=2 2 2 2 2 2 2 2 2 2 2
left_child=1 2 3 -1 -4 7 -7 -3 10 -10 -2
right_child=8 5 4 -5 -6 6 -8 -9 9 -11 -12
leaf_value=-27.111126649538114 265.55595783562842 16.564080704262238 -16.289266696210689 -99.167113520286691 19.655846125398575 102.08711174860058 -138.72885245086712 -38.450595522551801 -11.605657220369547 64.964345556460074 299.17078736901118
leaf_weight=399 369 6487 9320 229 3745 1330 112 237 36 79 64
leaf_count=399 369 6487 9320 229 3745 1330 112 237 36 79 64
internal_value=0.000250536 -0.000234031 -0.00239243 -0.0183864 -0.00162364 0.00338524 0.0101616 0.00193199 0.0195794 0.0126536 0.0214186
internal_weight=22407 21859 13693 628 13065 8166 1442 6724 548 115 433
internal_count=22407 21859 13693 628 13065 8166 1442 6724 548 115 433
is_linear=0
shrinkage=0.139927


Tree=15
num_leaves=13
num_cat=5
split_feature=40 17 28 0 31 31 28 0 31 12 0 4
split_gain=8.35817 7.55596 8.59583 11.4168 8.7024 3.30696 5.35183 2.02107 1.06362 2.55977 0.0765539 0.018015
threshold=0.99761913169647187 0.10501239920413021 0 14.918216744876958 1 2 3 14.286605921980717 4 57.460621635963243 12.788110409589439 283.34402623267061
decision_type=2 2 1 2 1 1 1 2 1 2 2 2
left_child=1 2 3 -1 -4 6 -3 -7 9 -2 -10 -11
right_child=8 5 4 -5 -6 7 -8 -9 10 11 -12 -13
leaf_value=15.511643394695351 -13.685879545623449 -114.73744948287531 11.634455735019086 -269.28974579656955 -28.372177547241119 66.039415533389089 15.229195928455107 108.88839623451494 356.47106846875528 45.575192030237019 234.19004716846737 101.87753185750073
leaf_weight=8686 63 125 2766 42 7055 1795 808 582 343 35 46 61
leaf_count=8686 63 125 2766 42 7055 1795 808 582 343 35 46 61
internal_value=0.000213068 -0.000214827 -0.0013138 0.00188127 -0.00415097 0.00594369 -0.00114546 0.00869454 0.0172813 0.00615968 0.0211256 0.02093
internal_weight=22407 21859 18549 8728 9821 3310 933 2377 548 159 389 96
internal_count=22407 21859 18549 8728 9821 3310 933 2377 548 159 389 96
cat_boundaries=0 1 2 3 4 5
cat_threshold=4514 34 3 2080 36
is_linear=0
shrinkage=0.139927


Tree=16
num_leaves=13
num_cat=0
split_feature=14 24 29 0 10 0 45 16 14 44 10 38
split_gain=7.08734 9.68462 6.46694 5.97058 8.55832 10.9089 5.75117 3.45266 2.34631 1.4053 1.31695 1.15602
threshold=1.195392910123515 54.032855099678621 76.500000000000014 9.3968193454500248 1027.9058767522301 13.987641896270761 0.25790389450448498 266.75836001734183 0.96647380012678341 0.92226243307315758 1025.9534281187593 0.87837969732492682
decision_type=2 2 2 2 2 2 2 2 2 2 2 2
left_child=1 2 10 9 6 -6 -5 -4 -3 11 -1 -2
right_child=3 8 7 4 5 -7 -8 -9 -10 -11 -12 -13
leaf_value=108.51303599758296 219.84569191073518 -108.18925306371931 -24.371922386615342 26.405810424178291 -31.801218595338462 -213.52749042460607 -3.8121960410709352 -67.222166280380634 -97.126097288755517 -10.070157752926955 -4.7212454187279835 17.950571078090963
leaf_weight=352 440 50 1820 7663 1029 48 10675 47 60 61 79 83
leaf_count=352 440 50 1820 7663 1029 48 10675 47 60 61 79 83
internal_value=0.000156865 -0.0070149 -0.00507338 0.00102039 0.000601071 -0.0115215 0.00131304 -0.00863989 -0.0475745 0.0149605 0.0103758 0.0173048
internal_weight=22407 2408 2298 19999 19415 1077 18338 1867 110 584 431 523
internal_count=22407 2408 2298 19999 19415 1077 18338 1867 110 584 431 523
is_linear=0
shrinkage=0.139927


Tree=17
num_leaves=16
num_cat=0
split_feature=36 40 40 40 0 18 16 40 45 12 12 1 9 23 18
split_gain=7.12455 6.92455 15.894 6.90644 7.54642 5.31913 4.91881 4.69199 4.33145 5.93219 3.97092 3.4699 5.27033 4.12846 2.4863
threshold=0.25881904510252091 0.1849296026015865 0.099822040462190967 0.50557357885840837 10.610372835933651 0.072636667132210106 232.52892828628509 -0.98214942551678475 0.76815604156155814 60.195217484014272 47.92779474801295 0.31102062593850105 1010.6736319978421 0.9569816999589984 0.24841370336354585
decision_type=2 2 2 2 2 2 2 2 2 2 2 2 2 2 2
left_child=6 2 7 10 -5 -4 8 -2 14 -10 -3 13 -13 -8 -1
right_child=1 3 5 4 -6 -7 11 -9 9 -11 -12 12 -14 -15 -16
leaf_value=9.223360136013552 -63.317204216907413 -52.68970209956106 -104.75996936509021 -75.924564697374862 1.6212931744642169 -3.2606943563443087 -78.116820785625066 -12.243996662091696 22.968506373216126 -54.470459125898905 91.747725679215606 87.092947418861172 -141.09757146618651 99.112991321494547 70.594751409561439
leaf_weight=8448 415 50 208 376 3068 73 72 4117 946 924 1074 55 92 1682 807
leaf_count=8448 415 50 208 376 3068 73 72 4117 946 924 1074 55 92 1682 807
internal_value=7.56824e-05 -0.00286446 -0.00656808 0.00103779 -0.00207044 -0.0388605 0.0021931 -0.00456582 0.0010691 -0.00507324 0.0105617 0.00877096 -0.011879 0.0105016 0.00231018
internal_weight=22407 9381 4813 4568 3444 281 13026 4532 11125 1870 1124 1901 147 1754 9255
internal_count=22407 9381 4813 4568 3444 281 13026 4532 11125 1870 1124 1901 147 1754 9255
is_linear=0
shrinkage=0.139927


Tree=18
num_leaves=15
num_cat=0
split_feature=37 13 0 41 39 41 45 16 40 40 10 11 14 12
split_gain=6.90793 5.62165 4.72773 4.68693 8.95041 4.63961 4.00083 3.57217 3.6959 7.63731 3.32129 1.88825 1.41596 1.21025
threshold=-0.12940952255126037 1.2934098499205837 14.936749891514443 -0.98212955754013376 1.0000000180025095e-35 -0.9575230291762723 0.86316374695216147 141.64802696343415 0.99374995976406788 0.91939013254733981 1028.8576297373152 80.414636518796343 1.9748351881797046 48.192963461624927
decision_type=2 2 2 2 2 2 2 2 2 2 2 2 2 2
left_child=1 2 6 4 -3 -5 -1 10 9 -9 11 -2 -12 -10
right_child=7 3 -4 5 -6 -7 -8 8 13 -11 12 -13 -14 -15
leaf_value=-28.502594403613447 70.204492023980578 -61.955767189752038 -59.26029651438013 88.338511216497068 36.524695106416196 -5.0967318951107208 -122.43808920254274 8.8642924169114234 -7.7018391919967302 -51.053767045751627 -41.133491001590031 9.7484660428114847 140.43013922692452 119.0781823598746
leaf_weight=1159 2074 362 42 341 274 8044 66 7804 35 866 96 897 38 309
leaf_count=1159 2074 362 42 341 274 8044 66 7804 35 866 96 897 38 309
internal_value=-1.17383e-05 -0.0026783 -0.0114061 -0.00145246 -0.0130333 -0.000574051 -0.00982337 0.00225194 0.000841973 0.000277585 0.00634512 0.00731704 -0.0152035 0.0150663
internal_weight=22407 10288 1267 9021 636 8385 1225 12119 9014 8670 3105 2971 134 344
internal_count=22407 10288 1267 9021 636 8385 1225 12119 9014 8670 3105 2971 134 344
is_linear=0
shrinkage=0.139927


Tree=19
num_leaves=14
num_cat=0
split_feature=40 25 13 29 19 24 13 17 45 38 9 35 3
split_gain=5.84775 5.88607 5.47294 5.39003 4.6593 3.50613 6.70774 3.39714 0.930498 0.970551 0.504208 0.173383 0.0244057
threshold=0.99818282439137029 33.345017727174785 2.8072862819523996 12.500000000000002 0.0052654344820491179 49.49247260247413 1.2421744603310705 0.11101468614850994 0.23184395843844199 0.87837969732492682 1017.7624676150793 0.81250000000000011 292.38067941492869
decision_type=2 2 2 2 2 2 2 2 2 2 2 2 2
left_child=1 5 4 -4 -3 7 -7 -1 9 10 -2 12 -10
right_child=8 2 3 -5 -6 6 -8 -9 11 -11 -12 -13 -14
leaf_value=10.907549147412784 -0.7681606142594346 -18.108038293642224 -92.740645789273643 13.192330258527255 -42.697031318098446 -82.54253235671554 -7.4948359537554525 86.113342748963234 318.25162248163247 -5.357026156897394 161.63971201391576 224.33240075970028 285.66409030265402
leaf_weight=8551 35 6161 103 4762 113 151 1225 860 213 42 116 40 35
leaf_count=8551 35 6161 103 4762 113 151 1225 860 213 42 116 40 35
internal_value=0.000144375 -0.00019043 -0.00244655 0.00107568 -0.00517777 0.0021393 -0.00445808 0.00310392 0.0154063 0.00788774 0.0131211 0.0204446 0.0218238
internal_weight=22407 21926 11139 4865 6274 10787 1376 9411 481 193 151 288 248
internal_count=22407 21926 11139 4865 6274 10787 1376 9411 481 193 151 288 248
is_linear=0
shrinkage=0.139927


Tree=20
num_leaves=14
num_cat=1
split_feature=31 29 14 10 4 1 20 40 32 40 40 14 35
split_gain=6.09058 8.02827 8.42252 9.27271 7.98812 7.1358 5.17698 4.79587 6.03051 4.71229 5.52024 4.03914 1.52739
threshold=0 64.500000000000014 6.475619658650051 1007.005027843381 278.17712816476035 0.19420089500711227 0.00018536426375513666 -0.99630266176052629 1.0000000180025095e-35 -0.92923668111203805 -0.90163369914317015 1.8124353709677792 0.89583333333333337
decision_type=1 2 2 2 2 2 2 2 2 2 2 2 2
left_child=7 2 6 -4 11 -6 -2 8 -1 12 -11 -3 -9
right_child=1 4 3 -5 5 -7 -8 9 -10 10 -12 -13 -14
leaf_value=29.500076786920474 74.781041064481897 -81.800033503228121 70.517935661372263 -94.018108844203596 -74.311298002632313 -9.8889306491011268 -84.918176340849001 138.66836587637221 -162.19145324009651 -80.69310968200918 20.072109214371586 -64.318731752898032 -10.604518490756213
leaf_weight=65 2733 91 77 121 139 12619 157 448 65 159 5607 85 41
leaf_count=65 2733 91 77 121 139 12619 157 448 65 159 5607 85 41
internal_value=0.000125641 -0.00133084 0.00507866 -0.0228402 -0.00286214 -0.0024537 0.00699147 0.00377659 -0.0228183 0.00433537 0.00321689 -0.032469 0.0175236
internal_weight=22407 16022 3088 198 12934 12758 2890 6385 130 6255 5766 176 489
internal_count=22407 16022 3088 198 12934 12758 2890 6385 130 6255 5766 176 489
cat_boundaries=0 1
cat_threshold=34
is_linear=0
shrinkage=0.139927


Tree=21
num_leaves=15
num_cat=1
split_feature=2 2 18 0 12 0 39 39 10 12 31 16 13 0
split_gain=4.2724 8.16835 7.41668 7.315 5.97559 5.22618 4.93897 5.37745 4.18784 2.91947 1.55546 0.2106 0.271454 0.0796343
threshold=0.81823214048688075 0.81838345871477747 0.010423974426417232 14.948221167289669 60.60856244396907 14.912006068462391 1.0000000180025095e-35 0.81174490092936691 983.44621254556625 47.433334439871089 0 223.98477665731693 2.6742467991900152 14.951749891514442
decision_type=2 2 2 2 2 2 2 2 2 2 1 2 2 2
left_child=3 6 4 5 -3 8 -2 -8 -1 -7 -4 13 -13 -5
right_child=1 2 10 11 -6 9 7 -9 -10 -11 -12 12 -14 -15
leaf_value=96.303633749691102 -89.693151926071351 -46.341528368165768 113.79604574816045 32.011170426242543 -52.625941686921649 -74.74996994164205 26.170408717617946 -70.318282581298675 0.17588817700598511 -29.232872148454735 -7.5239093866560625 28.046047565527868 196.25646238647977 139.83519915261107
leaf_weight=770 48 398 238 38 36 93 45 45 20048 172 154 55 39 270
leaf_count=770 48 398 238 38 36 93 45 45 20048 172 154 55 39 270
internal_value=0.000148593 -0.00896453 -0.00369967 0.000557488 -0.016301 0.000200962 -0.0404768 -0.0211437 0.000449525 -0.0193255 0.0102516 0.0192554 0.013456 0.0210251
internal_weight=22449 964 826 21485 434 21083 138 90 20818 265 392 402 94 308
internal_count=22449 964 826 21485 434 21083 138 90 20818 265 392 402 94 308
cat_boundaries=0 1
cat_threshold=101
is_linear=0
shrinkage=0.139927


Tree=22
num_leaves=16
num_cat=0
split_feature=37 40 38 0 29 29 10 6 24 10 10 10 38 38 2
split_gain=4.1615 4.17717 15.7833 21.005 5.41546 8.20946 5.25445 4.74748 2.41266 4.04676 3.07852 3.38899 3.00429 2.96959 2.797
threshold=0.37940952255126048 -0.59869031648930193 0.87837969732492682 10.418609292883497 204.50000000000003 200.50000000000003 1029.6444350272434 294.20851423260513 49.49247260247413 1012.5218469181779 1016.0934150137635 1028.8576297373152 0.6078576107927941 -1.0000000180025095e-35 0.81823214048688075
decision_type=2 2 2 2 2 2 2 2 2 2 2 2 2 2 2
left_child=1 2 7 -4 5 -3 -6 -1 10 13 14 -12 -11 -10 -2
right_child=8 4 3 -5 6 -7 -8 -9 9 12 11 -13 -14 -15 -16
leaf_value=-24.617084395208231 5.6469838599844406 -4.0405245614000229 -144.80819964038324 -65.034240888788034 89.444056747156452 -95.751554483603599 -20.327780059050671 28.456768286813634 111.82693881487819 -57.222482591318261 42.273245370898678 -23.857529551603648 -94.282120553864175 -22.972747765091178 -53.565914145687707
leaf_weight=2101 3150 8492 70 434 1301 167 418 1047 268 301 3700 484 73 292 151
leaf_count=2101 3150 8492 70 434 1301 167 418 1047 268 301 3700 484 73 292 151
internal_value=0.000117427 -0.00135837 -0.00542846 -0.0284183 7.38791e-05 -0.0013503 0.00724782 -0.00174773 0.00257681 -0.00412881 0.00341357 0.00593416 -0.0153992 0.0033981 0.000218706
internal_weight=22449 14030 3652 504 10378 8659 1719 3148 8419 934 7485 4184 374 560 3301
internal_count=22449 14030 3652 504 10378 8659 1719 3148 8419 934 7485 4184 374 560 3301
is_linear=0
shrinkage=0.139927


Tree=23
num_leaves=13
num_cat=2
split_feature=14 24 41 41 41 31 14 0 11 31 40 0
split_gain=4.41091 5.10068 4.13233 8.88907 9.6133 7.47255 12.0001 6.45519 2.797 2.42649 2.11402 0.825096
threshold=0.94849590117481419 54.032855099678621 -0.97874870457683594 -0.9575230291762723 -0.93543596745397617 0 2.7991392232842665 14.811974400548127 48.564065321017075 1 -0.05695216311707673 14.674154228334965
decision_type=2 2 2 2 2 1 2 2 2 1 2 2
left_child=1 8 5 11 -5 6 -2 -7 10 -10 -1 -4
right_child=2 -3 3 4 -6 7 -8 -9 9 -11 -12 -13
leaf_value=-18.056363686867734 -69.856753521748644 -79.311033908224246 32.491811225113672 -59.094231837497162 5.4135277817809557 -72.657075330397348 -1.6814345740067309 12.343732011166381 7.5613878759516373 -40.637578716310763 -61.69798621635838 131.0092226190819
leaf_weight=63 207 45 129 512 18799 213 230 941 395 356 38 521
leaf_count=63 207 45 129 512 18799 213 230 941 395 356 38 521
internal_value=0.000179758 -0.00943445 0.000579907 0.00112692 0.000585179 -0.00628303 -0.0216243 -0.000283642 -0.00700939 -0.00406915 -0.0288713 0.0172216
internal_weight=22449 897 21552 19961 19311 1591 437 1154 852 751 101 650
internal_count=22449 897 21552 19961 19311 1591 437 1154 852 751 101 650
cat_boundaries=0 1 2
cat_threshold=12 113
is_linear=0
shrinkage=0.139927


Tree=24
num_leaves=15
num_cat=0
split_feature=14 29 2 2 2 2 7 24 14 10 10 2 6 44
split_gain=4.0929 5.17823 7.7217 7.89031 7.42927 3.92307 3.13062 3.06238 6.342 3.18694 2.76162 2.38856 5.32136 0.973664
threshold=1.8524857822359622 323.50000000000006 0.71155276857366001 0.71716182745183599 0.71076988009093367 0.81863794884685326 303.91820012961449 54.032855099678621 1.2817849729979869 1020.2781009250158 1014.2355646168703 0.69704050166185028 280.84564449045382 0.077737566926842624
decision_type=2 2 2 2 2 2 2 2 2 2 2 2 2 2
left_child=5 2 4 -4 -2 7 10 9 -9 -1 -7 12 -3 -13
right_child=1 11 3 -5 -6 6 -8 8 -10 -11 -12 13 -14 -15
leaf_value=-15.165326007431819 -35.828993641936691 -105.91404551235951 296.54759378967378 6.4593807537879524 -147.68229117063814 -25.469742928080827 -71.241002951901876 -67.064564741502636 -5.8199151272997947 8.9845180806904281 3.704076168750678 44.931625910975811 65.070097721476003 188.04458105469664
leaf_weight=4789 611 37 543 11970 66 42 48 143 379 2973 86 106 108 548
leaf_count=4789 611 37 543 11970 66 42 48 143 379 2973 86 106 108 548
internal_value=0.000173525 0.00164282 0.000980223 0.00176772 -0.0135751 -0.00225602 -0.0229285 -0.00181681 -0.0121912 -0.00111912 -0.0114997 0.0125811 -0.00366657 0.0161835
internal_weight=22449 13989 13190 12513 677 8460 176 8284 522 7762 128 799 145 654
internal_count=22449 13989 13190 12513 677 8460 176 8284 522 7762 128 799 145 654
is_linear=0
shrinkage=0.139927


Tree=25
num_leaves=15
num_cat=2
split_feature=40 28 1 45 14 40 40 10 31 11 45 14 8 35
split_gain=3.95655 3.70199 8.27274 10.2528 9.03321 8.10113 11.0715 3.8588 1.52947 2.34486 0.981106 0.617524 0.88782 0.0678245
threshold=0.99818282439137029 0 0.29403088672726913 0.86316374695216147 4.4609227687488628 0.21862473630160603 0.16799745313369893 1026.7563618195034 1 51.964040438870832 0.11077631698179569 1.4685029012722095 285.13584224356669 0.81250000000000011
decision_type=2 1 2 2 2 2 2 2 1 2 2 2 2 2
left_child=1 5 4 -4 -3 6 -1 -7 9 -2 -11 12 -10 -13
right_child=8 2 3 -5 -6 7 -8 -9 11 10 -12 13 -14 -15
leaf_value=6.9507402108401797 -19.864208415964072 -7.5591342914695083 -38.967688919492787 -81.159141796524409 137.44873934022817 248.7387297940933 -149.67299809624643 -14.57110944872505 143.34027293658889 -3.7841829362332482 125.73805368519922 422.38503062810065 -27.26616049553747 336.18632249591082
leaf_weight=6204 37 11771 906 151 1434 1034 208 262 41 39 58 212 44 48
leaf_count=6204 37 11771 906 151 1434 1034 208 262 41 39 58 212 44 48
internal_value=0.000167292 -0.000106997 -0.00144201 -0.0133545 -0.000489554 0.00236196 0.000325582 0.0124551 0.0127481 -0.000543682 0.0108472 0.0174217 0.00757169 0.0213116
internal_weight=22449 21970 14262 1057 13205 7708 6412 1296 479 134 97 345 85 260
internal_count=22449 21970 14262 1057 13205 7708 6412 1296 479 134 97 345 85 260
cat_boundaries=0 1 2
cat_threshold=4482 36
is_linear=0
shrinkage=0.139927


Tree=26
num_leaves=14
num_cat=0
split_feature=40 0 29 38 0 0 0 0 39 45 27 0 35
split_gain=3.9644 3.93087 12.5887 9.58892 6.78863 6.31867 6.41241 5.22492 1.30481 1.62469 0.843698 0.613201 0.0950362
threshold=0.99818282439137029 10.131967737396463 313.50000000000006 0.87837969732492682 10.610372835933651 9.6379393104415616 9.7639537887404124 9.5542763968319555 1.0000000180025095e-35 0.19593493916883467 0.10379750299288558 12.599358814455455 0.81250000000000011
decision_type=2 2 2 2 2 2 2 2 2 2 2 2 2
left_child=1 5 4 -4 -3 7 -7 -1 9 10 -2 -11 -10
right_child=8 2 3 -5 -6 6 -8 -9 12 11 -12 -13 -14
leaf_value=8.6267433717572342 11.535027683874317 -35.401335860373052 -19.045375050241503 -155.29346055126024 0.059131643258313951 306.33785162393207 15.917592918309483 -57.25902649868506 238.69476266679075 16.869536822087561 -20.576064554270943 288.24431058185712 152.2593224793078
leaf_weight=1939 40 1373 46 45 16180 566 1363 458 174 46 63 121 35
leaf_count=1939 40 1373 46 45 16180 566 1363 458 174 46 63 121 35
internal_value=0.000154826 -0.000119735 -0.00104651 -0.0529561 -0.000777394 0.0036602 0.00962147 -0.00113713 0.0127481 0.00632236 -0.00749832 0.0148469 0.0210489
internal_weight=22449 21970 17644 91 17553 4326 1929 2397 479 270 103 167 209
internal_count=22449 21970 17644 91 17553 4326 1929 2397 479 270 103 167 209
is_linear=0
shrinkage=0.139927


Tree=27
num_leaves=15
num_cat=0
split_feature=40 0 0 24 38 38 32 40 40 40 40 39 24 27
split_gain=3.67041 5.59784 6.59811 9.33884 6.39021 5.94108 4.49765 3.36638 3.35505 9.0612 8.70396 1.27814 1.59676 0.161379
threshold=-0.98214942551678475 11.479216874820377 11.818925934643097 4.9964621695177964 -0.8783796973249266 -0.8783796973249266 1.0000000180025095e-35 0.99818282439137029 0.91939013254733981 0.81925054981890411 0.94138322595482449 1.0000000180025095e-35 23.200921885512425 0.11121855825308195
decision_type=2 2 2 2 2 2 2 2 2 2 2 2 2 2
left_child=1 5 4 -4 -3 -1 -7 8 9 -2 -10 12 -9 -13
right_child=7 2 3 -5 -6 6 -8 11 10 -11 -12 13 -14 -15
leaf_value=24.970521274416292 0.045886832696400981 -176.13133615058442 -92.827139339887083 -32.843528438350845 126.64923356274092 -30.759094575737389 -162.96156739382872 -3.6372631636952417 -76.771487689087238 94.458181763707742 -2.9631419103161738 66.599088754769397 348.14300502637889 239.6515855973856
leaf_weight=42 16625 42 42 456 320 46 47 190 471 1627 2252 44 80 165
leaf_count=42 16625 42 42 456 320 46 47 190 471 1627 2252 44 80 165
internal_value=0.000179758 -0.00812834 -0.00396993 -0.0144196 0.0104054 -0.0346184 -0.054345 0.000565077 0.000300196 0.000983744 -0.00428154 0.0121638 0.00580411 0.0203794
internal_weight=22449 995 860 498 362 135 93 21454 20975 18252 2723 479 270 209
internal_count=22449 995 860 498 362 135 93 21454 20975 18252 2723 479 270 209
is_linear=0
shrinkage=0.139927


Tree=28
num_leaves=16
num_cat=1
split_feature=14 9 29 0 1 17 41 31 41 9 41 22 9 1 29
split_gain=3.82307 5.99299 6.29061 16.8141 5.48238 3.43995 4.52924 8.36455 5.35322 3.68163 3.90674 3.34251 3.19175 2.82889 2.51511
threshold=2.9254190812367189 1003.2167204284515 44.500000000000007 10.45402797013425 0.28278775847625376 1.0000000180025095e-35 -0.97874870457683594 0 -0.96234030595689413 990.98847241864939 -0.91595872546125101 0.028448763538763563 980.50107655656223 0.23909853811534096 152.50000000000003
decision_type=2 2 2 2 2 2 2 1 2 2 2 2 2 2 2
left_child=5 11 3 -3 -4 6 7 -1 -8 10 -7 14 -13 -11 -2
right_child=1 2 4 -5 -6 9 8 -9 -10 13 -12 12 -14 -15 -16
leaf_value=-55.251772805006375 263.76001018775298 -1.0491632555787713 10.496332566740014 -106.24103222527465 270.76917352449033 -84.571326730842713 100.4112827873965 -13.350193483230749 -9.3901598867843852 -5.9118415508754971 -7.5167677565889903 119.56508616211191 -223.48942418666206 43.764749889826213 -1.4082067191717291
leaf_weight=183 950 675 4572 160 354 106 260 476 9850 1572 656 49 56 2318 194
leaf_count=183 950 675 4572 160 354 106 260 476 9850 1572 656 49 56 2318 194
internal_value=0.000136984 0.00284643 0.000941414 -0.0102891 0.0028451 -0.00109466 -0.00246823 -0.013708 -0.00173558 0.00208505 -0.00680894 0.0116332 -0.0122596 0.00382728 0.0138263
internal_weight=22431 7010 5761 835 4926 15421 10769 659 10110 4652 762 1249 105 3890 1144
internal_count=22431 7010 5761 835 4926 15421 10769 659 10110 4652 762 1249 105 3890 1144
cat_boundaries=0 1
cat_threshold=12
is_linear=0
shrinkage=0.139927


Tree=29
num_leaves=15
num_cat=2
split_feature=45 29 0 31 9 29 0 31 29 29 16 39 22 24
split_gain=3.04886 4.76663 7.45161 7.64644 4.0913 4.70693 10.9265 5.56375 3.69374 4.69189 2.26185 4.17596 1.91237 1.70781
threshold=0.25790389450448498 248.50000000000003 12.788110409589439 0 982.4864502956699 80.500000000000014 11.519011831879236 1 231.50000000000003 227.50000000000003 199.93330405992694 -0.56174490092936669 0.030837591011484169 19.804901169730034
decision_type=2 2 2 1 2 2 2 1 2 2 2 2 2 2
left_child=1 8 3 -3 10 6 -6 -7 9 -1 11 -2 -12 -10
right_child=4 2 -4 -5 5 7 -8 -9 13 -11 12 -13 -14 -15
leaf_value=19.433147485927059 -58.206438040220362 19.896081881038707 -78.840051226000938 -30.463508659883242 -10.04645226769602 -24.695836093987317 -94.411940764198249 10.941705282520942 92.527059284511594 -65.548667317303966 228.23676242355083 71.895704496369035 -62.111049548566093 -91.438748609349489
leaf_weight=7173 58 990 60 1268 2268 2639 479 6455 408 119 303 117 59 35
leaf_count=7173 58 990 60 1268 2268 2639 479 6455 408 119 303 117 59 35
internal_value=0.000186889 0.00199708 -0.00356877 -0.00227548 -0.00128328 -0.00182503 -0.00690106 -0.000291726 0.00366504 0.00291136 0.0106624 -0.00239835 0.0169766 0.0160709
internal_weight=22431 10053 2318 2258 12378 11841 2747 9094 7735 7292 537 175 362 443
internal_count=22431 10053 2318 2258 12378 11841 2747 9094 7735 7292 537 175 362 443
cat_boundaries=0 1 2
cat_threshold=50 20
is_linear=0
shrinkage=0.139927


Tree=30
num_leaves=15
num_cat=2
split_feature=28 0 30 14 0 12 45 10 0 28 3 14 8 36
split_gain=3.3221 6.39149 6.18074 7.94004 5.62394 6.29543 5.11781 4.41891 4.702 4.38046 4.12592 3.71125 3.3397 0.0498539
threshold=0 9.618917698413437 0.12183436002737852 4.7241117268179602 9.5938434878608341 90.958684247856894 0.86316374695216147 1016.0397964807913 9.7639537887404124 1 277.84346568446989 6.7283381776758704 284.24708341071624 -0.9159756150367534
decision_type=1 2 2 2 2 2 2 2 2 1 2 2 2 2
left_child=1 4 6 10 5 -1 11 13 -9 -5 -4 -2 -8 -3
right_child=2 7 3 9 -6 -7 12 8 -10 -11 -12 -13 -14 -15
leaf_value=25.862339269233463 -26.390754556573022 214.77997638005994 -55.291871660363213 -9.00692309160641 -172.03497984921481 -93.152636528834094 32.930986788502935 369.19662819296053 -14.801395752914601 206.59103425365683 -1.4375604502667987 -81.701906869304693 -61.293900255911879 302.73229892161334
leaf_weight=689 676 69 330 412 69 55 35 264 526 992 17716 51 115 432
leaf_count=689 676 69 330 412 69 55 35 264 526 992 17716 51 115 432
internal_value=0.000124508 0.00540376 -0.000424381 9.35196e-05 -0.00428894 -0.00074468 -0.0119152 0.0115496 0.00503019 0.0102293 -0.000695056 -0.00705976 -0.0354476 0.0218295
internal_weight=22431 2104 20327 19450 813 744 877 1291 790 1404 18046 727 150 501
internal_count=22431 2104 20327 19450 813 744 877 1291 790 1404 18046 727 150 501
cat_boundaries=0 1 2
cat_threshold=2 2096
is_linear=0
shrinkage=0.139927


Tree=31
num_leaves=16
num_cat=3
split_feature=13 0 0 12 2 8 18 28 0 45 28 2 45 31 16
split_gain=3.34937 6.67804 19.4934 4.41405 3.77334 6.0592 4.0896 3.42373 4.28194 3.21663 5.59816 4.04383 2.57509 2.54314 0.886464
threshold=4.6230114096005019 10.610372835933651 10.45402797013425 76.486951676898173 0.81863794884685326 306.10123357352188 0.010423974426417241 0 11.732148159872578 0.25790389450448498 1 0.72500492857896948 0.16289618911388162 2 207.11316237624098
decision_type=2 2 2 2 2 2 2 1 2 2 1 2 2 1 2
left_child=4 2 13 -4 9 6 -6 14 -9 10 -1 -11 -7 -2 -3
right_child=1 7 3 -5 5 12 -8 8 -10 11 -12 -13 -14 -15 -16
leaf_value=33.578488354542181 -40.347964537885368 76.740802393659223 -71.590945656120994 -138.47612483162234 -44.149326689763491 -36.642350764886658 25.712320013511139 -65.917721380343949 83.417539924877175 17.256645072401426 -3.5337284333794199 -15.496493626946512 -180.97048504943015 68.13049816708633 596.8908195878945
leaf_weight=3697 170 260 52 50 169 36 215 133 795 2606 5526 7837 35 436 414
leaf_count=3697 170 260 52 50 169 36 215 133 795 2606 5526 7837 35 436 414
internal_value=0.000199365 0.00524571 -0.0060713 -0.0626645 -0.000379979 -0.0129777 -0.00603416 0.0102473 0.0045468 -8.85102e-05 0.00181572 -0.00177028 -0.0505303 0.00345418 0.0177649
internal_weight=22431 2310 708 102 20121 455 384 1602 928 19666 9223 10443 71 606 674
internal_count=22431 2310 708 102 20121 455 384 1602 928 19666 9223 10443 71 606 674
cat_boundaries=0 1 2 3
cat_threshold=1860 394 68
is_linear=0
shrinkage=0.139927


Tree=32
num_leaves=15
num_cat=0
split_feature=14 7 9 12 40 0 40 40 0 38 29 41 21 0
split_gain=3.37244 4.01652 3.8541 3.75105 4.05639 4.01182 3.38381 4.35576 3.06123 3.01611 2.8892 3.16954 3.0956 1.59209
threshold=2.9254190812367189 308.34751552367794 1003.2167204284515 57.856373891730165 0.94138322595482449 11.519011831879236 0.9916835347852474 0.95998215779580554 14.157909883266251 0.6078576107927941 152.50000000000003 -0.9575230291762723 0.0050295676607462923 14.860661594437168
decision_type=2 2 2 2 2 2 2 2 2 2 2 2 2 2
left_child=1 6 10 5 -5 -4 7 -1 -3 -8 12 -12 -2 -10
right_child=2 8 3 4 -6 -7 9 -9 13 -11 11 -13 -14 -15
leaf_value=-1.3731651462760399 229.98181102694699 28.385469897229584 198.76129866492235 -30.181423940977361 62.947166359697675 14.635072868846581 143.2873742286979 -36.570651131416902 -101.01805554762846 -10.432394430102258 120.72295514684258 -45.559042394872471 -52.769304414128158 -25.520327722782042
leaf_weight=13862 930 52 404 1839 640 2878 460 726 94 170 69 125 125 57
leaf_count=13862 930 52 404 1839 640 2878 460 726 94 170 69 125 125 57
internal_value=0.000361556 -0.000795222 0.00290631 0.00137861 -0.00272964 0.00448173 -0.000534399 -0.000968011 -0.0203476 0.00950602 0.00995278 -0.00574097 0.0128387 -0.0304313
internal_weight=22431 15421 7010 5761 2479 3282 15218 14588 203 630 1249 194 1055 151
internal_count=22431 15421 7010 5761 2479 3282 15218 14588 203 630 1249 194 1055 151
is_linear=0
shrinkage=0.139927


Tree=33
num_leaves=16
num_cat=3
split_feature=13 0 41 37 23 28 41 41 10 31 6 18 9 28 14
split_gain=3.39199 4.15756 11.3223 3.52102 4.16981 3.48627 3.45974 4.05729 3.73091 3.18842 3.06436 2.94999 2.3855 2.30469 0.342769
threshold=4.6230114096005019 10.610372835933651 0.76556758748011056 0.60355339059327384 58.854480715289945 0 0.99981043035926087 0.80798785254895478 1025.3445628971515 1 280.75720998931445 0.020847948852834381 982.4864502956699 2 3.8696179025447277
decision_type=2 2 2 2 2 1 2 2 2 1 2 2 2 1 2
left_child=3 2 11 6 13 14 7 -1 -8 -4 -7 -2 -6 -5 -3
right_child=1 5 9 4 12 10 8 -9 -10 -11 -12 -13 -14 -15 -16
leaf_value=-8.7940618504137422 -35.285683800822603 370.51587741933702 -30.375346620154815 33.066660070649213 76.902804452367945 -177.06845282294657 -5.059865644180924 19.688028653247919 -69.846424481048786 66.059734268934236 49.302300935144181 -118.70612175799204 -53.779019491671214 3.4952189957891955 569.11976155094032
leaf_weight=11400 37 40 165 2935 67 41 48 2430 46 442 1143 64 300 2895 378
leaf_count=11400 37 40 165 2935 67 41 48 2430 46 442 1143 64 300 2895 378
internal_value=0.00034908 0.00542743 -0.00350202 -0.000233939 0.00254066 0.00937382 -0.0014688 -0.00128696 -0.0282228 0.0037159 0.00532512 -0.0468817 -0.011926 0.00345135 0.0202304
internal_weight=22431 2310 708 20121 6197 1602 13924 13830 94 607 1184 101 367 5830 418
internal_count=22431 2310 708 20121 6197 1602 13924 13830 94 607 1184 101 367 5830 418
cat_boundaries=0 1 2 3
cat_threshold=1540 66 1366
is_linear=0
shrinkage=0.139927


Tree=34
num_leaves=15
num_cat=0
split_feature=13 24 15 9 30 35 0 0 0 14 25 0 9 24
split_gain=3.31412 7.32747 4.05314 5.84347 4.25144 3.70947 3.65389 6.09205 5.50324 3.3864 1.93376 2.35019 1.88363 1.76078
threshold=1.2934098499205837 58.455702951036507 116.97448009921756 1027.6871938890406 0.6036960985626284 0.27083333333333343 10.165654931285504 9.6379393104415616 10.610372835933651 4.361203081677739 708.46194174532809 9.4230300218645908 1016.8109866040148 63.870838533313126
decision_type=2 2 2 2 2 2 2 2 2 2 2 2 2 2
left_child=1 10 3 9 -5 -3 7 -4 -8 -2 11 -1 -12 -7
right_child=2 5 6 4 -6 13 8 -9 -10 -11 12 -13 -14 -15
leaf_value=-46.730467742971747 24.538871689729223 -90.565376705160247 -7.09625414753957 -94.231623850633369 -5.1831176662875516 -64.248124658695446 -44.903431641779306 64.183696278236511 -0.72469839013450654 300.71961441617242 -48.710325339603756 2.6920472494925769 -9.2398116028133561 10.901903658255465
leaf_weight=210 3300 44 1396 101 187 35 974 1371 10965 312 258 2722 516 40
leaf_count=210 3300 44 1396 101 187 35 974 1371 10965 312 258 2722 516 40
internal_value=0.00034908 -0.00340212 0.00112025 0.00513063 -0.0140507 -0.0375797 5.67032e-05 0.00463824 -0.00100511 0.00666006 -0.00230466 -0.000662386 -0.00852568 -0.018656
internal_weight=22431 3825 18606 3900 288 119 14706 2767 11939 3612 3706 2932 774 75
internal_count=22431 3825 18606 3900 288 119 14706 2767 11939 3612 3706 2932 774 75
is_linear=0
shrinkage=0.139927


Tree=35
num_leaves=15
num_cat=2
split_feature=16 13 40 28 0 31 27 40 10 35 4 23 16 37
split_gain=3.37769 3.25849 3.20944 3.7295 7.60369 3.66279 2.86273 2.4142 2.35525 1.56245 0.694427 1.64442 0.552565 0.0959936
threshold=137.82014724129672 4.5832120129327363 0.99700008544936913 0 14.918216744876958 1 0.1885138839086383 -0.99985146406598202 1030.3088517836543 0.60416666666666685 288.21259323177463 43.857034424987667 160.05421259919839 -0.9159756150367534
decision_type=2 2 2 1 2 1 2 2 2 2 2 2 2 2
left_child=1 7 3 4 -2 -5 9 -1 -9 -4 13 -12 -8 -3
right_child=2 10 6 5 -6 -7 12 8 -10 -11 11 -13 -14 -15
leaf_value=-81.782770907698989 6.4088152535123148 275.19929790523747 22.813835553636554 6.0080851878484403 -206.08995803471618 -20.75888366608347 12.874842342882083 13.733158101795869 -31.997106836548966 -19.275011959782439 193.74723267186326 -93.005370281744447 147.59959586495754 328.21033335505911
leaf_weight=38 7915 35 41 2242 36 5665 48 5541 212 37 79 35 324 185
leaf_count=38 7915 35 41 2242 36 5665 48 5541 212 37 79 35 324 185
internal_value=0.000282432 0.00308409 -0.000769817 -0.00110049 0.00103982 -0.00324993 0.010883 0.00230898 0.00254119 -0.0134895 0.0165229 0.00765854 0.0159936 0.0211159
internal_weight=22433 6125 16308 15858 7951 7907 450 5791 5753 78 334 114 372 220
internal_count=22433 6125 16308 15858 7951 7907 450 5791 5753 78 334 114 372 220
cat_boundaries=0 1 2
cat_threshold=5510 96
is_linear=0
shrinkage=0.139927


Tree=36
num_leaves=16
num_cat=3
split_feature=37 40 29 29 31 9 40 16 28 18 23 11 28 20 38
split_gain=3.01824 3.11143 5.96581 13.635 5.90499 3.28515 2.88032 2.00932 2.37423 3.00687 1.91048 1.81693 4.04502 1.13616 0.187592
threshold=0.60355339059327384 -0.90163369914317015 253.50000000000003 252.50000000000003 0 979.06978417728772 -0.77245553105869302 141.64802696343415 1 0.13113012196139495 1.2742857373563858 72.948881993131707 2 0.0016612995598073194 0.6078576107927941
decision_type=2 2 2 2 1 2 2 2 1 2 2 2 1 2 2
left_child=1 2 3 -1 -4 14 -7 11 10 -10 -9 13 -13 -2 -3
right_child=7 5 4 -5 -6 6 -8 8 9 -11 -12 12 -14 -15 -16
leaf_value=-39.669910755395165 71.771562064005664 340.3379467153274 -70.017058715914331 -177.58631126180998 3.4386294563664799 24.613442972108189 -4.0152442025924584 -26.078871139890687 -12.158467318801327 63.136221323959084 35.639549975206528 -44.305307266695742 47.723991572009737 -52.840907272378182 72.955528866127111
leaf_weight=246 937 125 221 51 1403 1122 12695 134 2448 382 1833 260 492 47 37
leaf_count=246 937 125 221 51 1403 1122 12695 134 2448 382 1833 260 492 47 37
internal_value=0.000301144 -0.000739232 -0.00601951 -0.0242537 -0.00268476 -1.36095e-05 -0.000245883 0.00283322 0.00135696 -0.00124158 0.00507611 0.00691247 0.00173411 0.0108698 0.0197966
internal_weight=22433 15900 1921 297 1624 13979 13817 6533 4797 2830 1967 1736 752 984 162
internal_count=22433 15900 1921 297 1624 13979 13817 6533 4797 2830 1967 1736 752 984 162
cat_boundaries=0 1 2 3
cat_threshold=16 5382 4464
is_linear=0
shrinkage=0.139927


Tree=37
num_leaves=16
num_cat=3
split_feature=12 31 28 13 5 18 38 28 10 16 51 24 45 10 7
split_gain=2.76384 4.18906 5.27241 4.22821 4.10198 5.03033 4.73103 7.33605 4.03484 3.777 3.06665 2.29146 1.99178 1.46559 1.09204
threshold=57.856373891730165 0 1 5.0168431494696257 285.57287492452366 0.088276546513613607 0.87837969732492682 2 1016.6005585623146 154.2647066344116 1.0000000180025095e-35 1.0000000180025095e-35 0.50000000000000011 1013.6701553758446 287.74084494176174
decision_type=2 1 1 2 2 2 2 1 2 2 2 2 2 2 2
left_child=1 2 13 8 5 11 9 -8 -3 -6 -4 -2 -7 -1 -5
right_child=4 3 10 14 6 12 7 -9 -10 -11 -12 -13 -14 -15 -16
leaf_value=11.006536044976992 -53.81169242161635 -25.527149332948824 -13.896815059203666 8.8284927334002035 9.2839877113054179 114.64295720755663 -68.430332465060587 -10.979880265170447 5.7400515355042048 -15.676640978487066 87.955604564465276 -1.1550194687404309 11.421609525429357 55.766610242496199 162.28662215227911
leaf_weight=329 209 2063 1395 117 1954 1053 297 518 2443 2988 528 6205 636 1362 336
leaf_count=329 209 2063 1395 117 1954 1053 297 518 2443 2988 528 6205 636 1362 336
internal_value=0.000288669 0.0022635 0.00587814 -0.000381836 -0.000932841 0.0010962 -0.00378873 -0.0136664 -0.00167811 -0.00215976 0.000845459 -0.000692861 0.0078902 0.0115626 0.0125037
internal_weight=22433 8573 3614 4959 13860 8103 5757 815 4506 4942 1923 6414 1689 1691 453
internal_count=22433 8573 3614 4959 13860 8103 5757 815 4506 4942 1923 6414 1689 1691 453
cat_boundaries=0 1 2 3
cat_threshold=50 6482 2944
is_linear=0
shrinkage=0.139927


end of trees

feature_importances:
day_of_year_sin=61
daylight_length_hr=48
pressure_rolling3h=29
wind_speed_rolling3h=29
month=28
day_of_week=28
day_of_year=27
wind_speed=20
pressure=18
day_of_year_cos=17
wx_clouds=17
sunset_day_fraction_utc=15
clouds_all_rolling3h=15
wind_deg_rolling3h=14
day_of_week_sin=13
sunrise_day_fraction_utc=12
day_hour_cos=12
humidity_rolling3h=11
rain_1h_rolling3h=10
utc_time_day_fraction=9
temp_max=7
clouds_all=7
solar_flux_Wm2=7
rain_1h=6
day_hour_sin=6
day_of_week_cos=6
humidity=5
severity=5
wind_deg=4
rain_3h_rolling3h=4
temp_rolling3h=3
temp_min_rolling3h=3
temp_max_rolling3h=3
rain_3h=3
snow_3h_rolling3h=3
date_fraction_of_year=3
is_weekend=3
temp=2
season=2
is_holiday=2
wx_clear=2
temp_min=1
snow_3h=1
wx_rain=1

parameters:
[boosting: gbdt]
[objective: quantile]
[metric: quantile]
[tree_learner: serial]
[device_type: cpu]
[data_sample_strategy: bagging]
[data: ]
[valid: ]
[num_iterations: 51]
[learning_rate: 0.139927]
[num_leaves: 21]
[num_threads: -1]
[seed: 42]
[deterministic: 0]
[force_col_wise: 0]
[force_row_wise: 0]
[histogram_pool_size: -1]
[max_depth: 4]
[min_data_in_leaf: 35]
[min_sum_hessian_in_leaf: 0.001]
[bagging_fraction: 0.940341]
[pos_bagging_fraction: 1]
[neg_bagging_fraction: 1]
[bagging_freq: 7]
[bagging_seed: 400]
[bagging_by_query: 0]
[feature_fraction: 0.732287]
[feature_fraction_bynode: 1]
[feature_fraction_seed: 30056]
[extra_trees: 0]
[extra_seed: 12879]
[early_stopping_round: 0]
[early_stopping_min_delta: 0]
[first_metric_only: 0]
[max_delta_step: 0]
[lambda_l1: 0.000492681]
[lambda_l2: 1.21042e-06]
[linear_lambda: 0]
[min_gain_to_split: 0]
[drop_rate: 0.1]
[max_drop: 50]
[skip_drop: 0.5]
[xgboost_dart_mode: 0]
[uniform_drop: 0]
[drop_seed: 17869]
[top_rate: 0.2]
[other_rate: 0.1]
[min_data_per_group: 100]
[max_cat_threshold: 32]
[cat_l2: 10]
[cat_smooth: 10]
[max_cat_to_onehot: 4]
[top_k: 20]
[monotone_constraints: ]
[monotone_constraints_method: basic]
[monotone_penalty: 0]
[feature_contri: ]
[forcedsplits_filename: ]
[refit_decay_rate: 0.9]
[cegb_tradeoff: 1]
[cegb_penalty_split: 0]
[cegb_penalty_feature_lazy: ]
[cegb_penalty_feature_coupled: ]
[path_smooth: 0]
[interaction_constraints: ]
[verbosity: -1]
[saved_feature_importance_type: 0]
[use_quantized_grad: 0]
[num_grad_quant_bins: 4]
[quant_train_renew_leaf: 0]
[stochastic_rounding: 1]
[linear_tree: 0]
[max_bin: 255]
[max_bin_by_feature: ]
[min_data_in_bin: 3]
[bin_construct_sample_cnt: 200000]
[data_random_seed: 175]
[is_enable_sparse: 1]
[enable_bundle: 1]
[use_missing: 1]
[zero_as_missing: 0]
[feature_pre_filter: 1]
[pre_partition: 0]
[two_round: 0]
[header: 0]
[label_column: ]
[weight_column: ]
[group_column: ]
[ignore_column: ]
[categorical_feature: 28,31]
[forcedbins_filename: ]
[precise_float_parser: 0]
[parser_config_file: ]
[objective_seed: 16083]
[num_class: 1]
[is_unbalance: 0]
[scale_pos_weight: 1]
[sigmoid: 1]
[boost_from_average: 1]
[reg_sqrt: 0]
[alpha: 0.16]
[fair_c: 1]
[poisson_max_delta_step: 0.7]
[tweedie_variance_power: 1.5]
[lambdarank_truncation_level: 30]
[lambdarank_norm: 1]
[label_gain: ]
[lambdarank_position_bias_regularization: 0]
[eval_at: ]
[multi_error_top_k: 1]
[auc_mu_weights: ]
[num_machines: 1]
[local_listen_port: 12400]
[time_out: 120]
[machine_list_filename: ]
[machines: ]
[gpu_platform_id: -1]
[gpu_device_id: -1]
[gpu_use_dp: 0]
[num_gpu: 1]

end of parameters

pandas_categorical:[]
