                                        SARIMAX Results                                        
===============================================================================================
Dep. Variable:                            price actual   No. Observations:                24544
Model:             SARIMAX(1, 0, 1)x(2, 0, [1, 2], 12)   Log Likelihood              -60997.567
Date:                                 Tue, 12 Aug 2025   AIC                         122101.135
Time:                                         17:11:18   BIC                         122530.814
Sample:                                     12-31-2014   HQIC                        122240.339
                                          - 10-19-2017                                         
Covariance Type:                                   opg                                         
============================================================================================
                               coef    std err          z      P>|z|      [0.025      0.975]
--------------------------------------------------------------------------------------------
daylight_length_hr          16.2003      1.416     11.437      0.000      13.424      18.976
sunrise_day_fraction_utc   -91.3793      0.548   -166.619      0.000     -92.454     -90.304
sunset_day_fraction_utc    -90.7043      0.596   -152.107      0.000     -91.873     -89.536
temp                         0.7327      0.114      6.447      0.000       0.510       0.956
temp_rolling3h               2.0049      0.283      7.096      0.000       1.451       2.559
temp_min                    -0.3894      0.059     -6.621      0.000      -0.505      -0.274
temp_min_rolling3h          -0.8964      0.150     -5.981      0.000      -1.190      -0.603
temp_max                     0.0968      0.054      1.786      0.074      -0.009       0.203
temp_max_rolling3h          -1.6808      0.139    -12.071      0.000      -1.954      -1.408
pressure                  9.021e-06   4.53e-06      1.991      0.047     1.4e-07    1.79e-05
pressure_rolling3h       -8.134e-06   1.07e-05     -0.763      0.446    -2.9e-05    1.28e-05
humidity                     0.0516      0.006      8.994      0.000       0.040       0.063
humidity_rolling3h          -0.0227      0.014     -1.658      0.097      -0.050       0.004
wind_speed                  -0.6666      0.025    -26.703      0.000      -0.716      -0.618
wind_speed_rolling3h        -2.4602      0.066    -37.230      0.000      -2.590      -2.331
wind_deg                     0.0005      0.000      1.503      0.133      -0.000       0.001
wind_deg_rolling3h           0.0075      0.001      7.522      0.000       0.006       0.009
rain_1h                     -0.2473      0.103     -2.409      0.016      -0.449      -0.046
rain_1h_rolling3h           -0.0704      0.259     -0.272      0.786      -0.578       0.437
rain_3h                     18.6195     10.148      1.835      0.067      -1.269      38.508
rain_3h_rolling3h            4.6171     30.652      0.151      0.880     -55.460      64.694
snow_3h                     22.9265      0.622     36.855      0.000      21.707      24.146
snow_3h_rolling3h           -4.8531      1.952     -2.486      0.013      -8.679      -1.027
clouds_all                  -0.0140      0.003     -4.368      0.000      -0.020      -0.008
clouds_all_rolling3h        -0.0031      0.006     -0.472      0.637      -0.016       0.010
solar_flux_Wm2              -0.0096      0.000    -25.804      0.000      -0.010      -0.009
solar_flux_Wm2_rolling3h     0.0004      0.001      0.591      0.555      -0.001       0.002
weather_id                  -0.0085      0.001    -12.033      0.000      -0.010      -0.007
severity                    -0.8313      0.082    -10.109      0.000      -0.992      -0.670
month                        0.1415      0.384      0.368      0.713      -0.612       0.895
day_of_year                 -0.0128      0.012     -1.075      0.283      -0.036       0.011
date_fraction_of_year    -3.506e-05   3.26e-05     -1.075      0.283    -9.9e-05    2.89e-05
day_of_week                 -0.9336      0.040    -23.579      0.000      -1.011      -0.856
is_weekend                  -2.0149      0.199    -10.141      0.000      -2.404      -1.625
season                      -3.9095      0.383    -10.214      0.000      -4.660      -3.159
is_holiday                  -2.4966      0.232    -10.764      0.000      -2.951      -2.042
utc_time_day_fraction        2.0969      0.161     13.051      0.000       1.782       2.412
day_hour_sin                -5.2188      0.288    -18.125      0.000      -5.783      -4.654
day_hour_cos               -10.4556      0.336    -31.149      0.000     -11.113      -9.798
day_of_week_sin             -0.4832      0.176     -2.752      0.006      -0.827      -0.139
day_of_week_cos             -1.5263      0.170     -8.986      0.000      -1.859      -1.193
day_of_year_sin             -9.6203      3.081     -3.122      0.002     -15.659      -3.581
day_of_year_cos             38.4302      4.586      8.380      0.000      29.442      47.418
month_sin                   -5.4626      1.358     -4.022      0.000      -8.125      -2.800
month_cos                    4.1007      0.941      4.356      0.000       2.256       5.946
total load actual            0.0003    2.1e-05     16.150      0.000       0.000       0.000
ar.L1                        0.9297      0.004    241.318      0.000       0.922       0.937
ma.L1                        0.1943      0.006     30.796      0.000       0.182       0.207
ar.S.L12                     0.2991      0.023     12.979      0.000       0.254       0.344
ar.S.L24                     0.5646      0.022     26.066      0.000       0.522       0.607
ma.S.L12                    -0.0249      0.025     -0.982      0.326      -0.075       0.025
ma.S.L24                    -0.2100      0.018    -11.414      0.000      -0.246      -0.174
sigma2                       9.6518      0.084    115.291      0.000       9.488       9.816
===================================================================================
Ljung-Box (L1) (Q):                  92.27   Jarque-Bera (JB):              7894.33
Prob(Q):                              0.00   Prob(JB):                         0.00
Heteroskedasticity (H):               0.70   Skew:                             0.16
Prob(H) (two-sided):                  0.00   Kurtosis:                         5.76
===================================================================================

Warnings:
[1] Covariance matrix calculated using the outer product of gradients (complex-step).
[2] Covariance matrix is singular or near-singular, with condition number 5.09e+22. Standard errors may be unstable.