                                        SARIMAX Results                                        
===============================================================================================
Dep. Variable:                            price actual   No. Observations:                24544
Model:             SARIMAX(1, 0, 1)x(2, 1, [1, 2], 12)   Log Likelihood              -61663.379
Date:                                 Tue, 12 Aug 2025   AIC                         123432.757
Time:                                         18:27:24   BIC                         123862.411
Sample:                                     12-31-2014   HQIC                        123571.956
                                          - 10-19-2017                                         
Covariance Type:                                   opg                                         
============================================================================================
                               coef    std err          z      P>|z|      [0.025      0.975]
--------------------------------------------------------------------------------------------
daylight_length_hr          74.2775     22.673      3.276      0.001      29.839     118.716
sunrise_day_fraction_utc -1663.9113      0.464  -3586.096      0.000   -1664.821   -1663.002
sunset_day_fraction_utc  -1660.8164      0.439  -3783.872      0.000   -1661.677   -1659.956
temp                         0.8557      0.183      4.678      0.000       0.497       1.214
temp_rolling3h              -2.3095      0.446     -5.174      0.000      -3.184      -1.435
temp_min                    -0.6417      0.093     -6.873      0.000      -0.825      -0.459
temp_min_rolling3h           1.2193      0.237      5.149      0.000       0.755       1.683
temp_max                    -0.2948      0.088     -3.360      0.001      -0.467      -0.123
temp_max_rolling3h           0.9101      0.225      4.051      0.000       0.470       1.350
pressure                  1.536e-05   6.27e-06      2.449      0.014    3.07e-06    2.77e-05
pressure_rolling3h       -3.107e-06   1.58e-05     -0.196      0.844   -3.41e-05    2.79e-05
humidity                     0.0701      0.009      7.828      0.000       0.053       0.088
humidity_rolling3h          -0.0596      0.019     -3.142      0.002      -0.097      -0.022
wind_speed                  -0.3612      0.046     -7.897      0.000      -0.451      -0.272
wind_speed_rolling3h        -0.7207      0.110     -6.570      0.000      -0.936      -0.506
wind_deg                    -0.0023      0.001     -4.269      0.000      -0.003      -0.001
wind_deg_rolling3h           0.0016      0.001      1.050      0.294      -0.001       0.004
rain_1h                      0.2526      0.162      1.560      0.119      -0.065       0.570
rain_1h_rolling3h           -0.1562      0.394     -0.396      0.692      -0.929       0.616
rain_3h                      5.0023     14.553      0.344      0.731     -23.521      33.525
rain_3h_rolling3h          -64.9552     40.925     -1.587      0.112    -145.167      15.257
snow_3h                     18.2997      1.123     16.296      0.000      16.099      20.501
snow_3h_rolling3h          -13.8683      3.550     -3.906      0.000     -20.827      -6.910
clouds_all                   0.0030      0.005      0.619      0.536      -0.007       0.013
clouds_all_rolling3h         0.0100      0.009      1.125      0.261      -0.007       0.027
solar_flux_Wm2              -0.0147      0.001    -20.079      0.000      -0.016      -0.013
solar_flux_Wm2_rolling3h     0.0104      0.001      7.512      0.000       0.008       0.013
weather_id                  -0.0018      0.001     -1.516      0.129      -0.004       0.001
severity                    -0.5044      0.133     -3.806      0.000      -0.764      -0.245
month                       -0.0196      0.646     -0.030      0.976      -1.286       1.246
day_of_year                  0.0051      0.020      0.258      0.796      -0.033       0.043
date_fraction_of_year     1.386e-05   5.36e-05      0.259      0.796   -9.12e-05       0.000
day_of_week                 -0.9314      0.068    -13.669      0.000      -1.065      -0.798
is_weekend                  -1.4213      0.377     -3.775      0.000      -2.159      -0.683
season                      -1.1879      0.956     -1.243      0.214      -3.061       0.685
is_holiday                  -3.1664      0.319     -9.925      0.000      -3.792      -2.541
utc_time_day_fraction       -3.6745      0.367    -10.003      0.000      -4.394      -2.954
day_hour_sin                -6.1885      0.459    -13.468      0.000      -7.089      -5.288
day_hour_cos                -7.9209      0.610    -12.983      0.000      -9.117      -6.725
day_of_week_sin             -0.7465      0.286     -2.611      0.009      -1.307      -0.186
day_of_week_cos             -1.6014      0.274     -5.848      0.000      -2.138      -1.065
day_of_year_sin           -111.7742     17.374     -6.433      0.000    -145.827     -77.721
day_of_year_cos            191.8946     63.096      3.041      0.002      68.228     315.561
month_sin                   -1.9962      2.013     -0.991      0.321      -5.942       1.950
month_cos                   -0.9593      1.664     -0.577      0.564      -4.220       2.301
total load actual            0.0002   3.05e-05      7.650      0.000       0.000       0.000
ar.L1                        0.8256      0.006    132.720      0.000       0.813       0.838
ma.L1                        0.1923      0.011     17.402      0.000       0.171       0.214
ar.S.L12                    -0.6107      0.143     -4.270      0.000      -0.891      -0.330
ar.S.L24                     0.0327      0.078      0.420      0.674      -0.120       0.185
ma.S.L12                    -0.0822      0.145     -0.569      0.570      -0.366       0.201
ma.S.L24                    -0.1359      0.027     -4.975      0.000      -0.189      -0.082
sigma2                      14.3304      0.164     87.383      0.000      14.009      14.652
===================================================================================
Ljung-Box (L1) (Q):                   0.19   Jarque-Bera (JB):              6813.55
Prob(Q):                              0.66   Prob(JB):                         0.00
Heteroskedasticity (H):               0.67   Skew:                             0.04
Prob(H) (two-sided):                  0.00   Kurtosis:                         5.58
===================================================================================

Warnings:
[1] Covariance matrix calculated using the outer product of gradients (complex-step).
[2] Covariance matrix is singular or near-singular, with condition number 3.95e+23. Standard errors may be unstable.