                                     SARIMAX Results                                      
==========================================================================================
Dep. Variable:                  total load actual   No. Observations:                24544
Model:             SARIMAX(1, 0, 1)x(1, 0, 1, 24)   Log Likelihood             -202599.288
Date:                            Fri, 18 Jul 2025   AIC                         405298.575
Time:                                    13:47:27   BIC                         405703.934
Sample:                                12-31-2014   HQIC                        405429.900
                                     - 10-19-2017                                         
Covariance Type:                              opg                                         
============================================================================================
                               coef    std err          z      P>|z|      [0.025      0.975]
--------------------------------------------------------------------------------------------
daylight_length_hr       -1997.8874    762.726     -2.619      0.009   -3492.803    -502.972
sunrise_day_fraction_utc  6.224e+04    270.161    230.395      0.000    6.17e+04    6.28e+04
sunset_day_fraction_utc   6.216e+04    295.776    210.161      0.000    6.16e+04    6.27e+04
temp                       536.4329     54.844      9.781      0.000     428.941     643.925
temp_rolling3h            -962.7083    167.310     -5.754      0.000   -1290.630    -634.787
temp_min                   -44.3823     30.234     -1.468      0.142    -103.639      14.875
temp_min_rolling3h         218.4355     92.091      2.372      0.018      37.941     398.930
temp_max                    55.3757     26.579      2.083      0.037       3.281     107.470
temp_max_rolling3h         186.9008     81.887      2.282      0.022      26.405     347.396
pressure                    -0.0027      0.002     -1.185      0.236      -0.007       0.002
pressure_rolling3h           0.0048      0.006      0.747      0.455      -0.008       0.018
humidity                    -8.7940      2.635     -3.338      0.001     -13.958      -3.630
humidity_rolling3h           6.9660      7.618      0.914      0.360      -7.965      21.897
wind_speed                 -96.9378     15.996     -6.060      0.000    -128.290     -65.586
wind_speed_rolling3h        20.3924     42.548      0.479      0.632     -63.000     103.784
wind_deg                     0.0907      0.177      0.511      0.609      -0.257       0.438
wind_deg_rolling3h          -0.3342      0.530     -0.630      0.529      -1.373       0.705
rain_1h                     -6.8042     61.969     -0.110      0.913    -128.261     114.652
rain_1h_rolling3h           -7.1778    179.792     -0.040      0.968    -359.564     345.208
rain_3h                   2913.5891   3708.275      0.786      0.432   -4354.496    1.02e+04
rain_3h_rolling3h         8935.5109   8616.002      1.037      0.300   -7951.542    2.58e+04
snow_3h                  -6637.1856    497.653    -13.337      0.000   -7612.567   -5661.804
snow_3h_rolling3h          717.3546   1642.456      0.437      0.662   -2501.800    3936.509
clouds_all                   7.2247      1.659      4.354      0.000       3.973      10.477
clouds_all_rolling3h         4.3007      3.503      1.228      0.220      -2.565      11.166
solar_flux_Wm2               0.3025      0.419      0.722      0.470      -0.519       1.124
solar_flux_Wm2_rolling3h    -7.2584      1.148     -6.320      0.000      -9.509      -5.008
weather_id                  -3.5039      0.388     -9.032      0.000      -4.264      -2.744
severity                  -398.1768     44.070     -9.035      0.000    -484.552    -311.802
month                       51.4987    198.792      0.259      0.796    -338.127     441.124
day_of_year                 -3.7289      6.292     -0.593      0.553     -16.060       8.602
date_fraction_of_year       -0.0102      0.017     -0.593      0.553      -0.044       0.024
day_of_week               -290.3569     29.057     -9.993      0.000    -347.308    -233.406
is_weekend               -1168.3948    135.854     -8.600      0.000   -1434.664    -902.126
season                     141.5482    283.953      0.498      0.618    -414.990     698.086
is_holiday               -2589.2723     60.366    -42.893      0.000   -2707.588   -2470.957
utc_time_day_fraction     2945.3732   1238.919      2.377      0.017     517.136    5373.610
day_hour_sin             -2409.9655   1343.957     -1.793      0.073   -5044.073     224.142
day_hour_cos             -6365.4763   1111.277     -5.728      0.000   -8543.539   -4187.414
day_of_week_sin            144.2519    128.107      1.126      0.260    -106.833     395.336
day_of_week_cos           -613.6509    110.945     -5.531      0.000    -831.100    -396.202
day_of_year_sin           1275.0380   1767.102      0.722      0.471   -2188.418    4738.494
day_of_year_cos          -6519.4919   2233.613     -2.919      0.004   -1.09e+04   -2141.692
month_sin                 -728.4607    567.352     -1.284      0.199   -1840.451     383.529
month_cos                  807.8256    506.875      1.594      0.111    -185.632    1801.283
ar.L1                        0.9249      0.005    204.274      0.000       0.916       0.934
ma.L1                        0.2294      0.007     34.361      0.000       0.216       0.243
ar.S.L24                     0.9933      0.002    494.937      0.000       0.989       0.997
ma.S.L24                    -0.8834      0.005   -170.815      0.000      -0.894      -0.873
sigma2                    1.409e+06    1.1e+04    128.389      0.000    1.39e+06    1.43e+06
===================================================================================
Ljung-Box (L1) (Q):                   7.37   Jarque-Bera (JB):            308599.64
Prob(Q):                              0.01   Prob(JB):                         0.00
Heteroskedasticity (H):               0.66   Skew:                            -0.06
Prob(H) (two-sided):                  0.00   Kurtosis:                        20.38
===================================================================================

Warnings:
[1] Covariance matrix calculated using the outer product of gradients (complex-step).
[2] Covariance matrix is singular or near-singular, with condition number 8.18e+22. Standard errors may be unstable.