                                     SARIMAX Results                                      
==========================================================================================
Dep. Variable:                   generation solar   No. Observations:                24544
Model:             SARIMAX(3, 1, 3)x(0, 1, 3, 24)   Log Likelihood             -162668.466
Date:                            Sun, 22 Jun 2025   AIC                         325434.932
Time:                                    21:50:50   BIC                         325832.033
Sample:                                12-31-2014   HQIC                        325563.600
                                     - 10-19-2017                                         
Covariance Type:                              opg                                         
============================================================================================
                               coef    std err          z      P>|z|      [0.025      0.975]
--------------------------------------------------------------------------------------------
daylight_length_hr        -221.1596   1156.853     -0.191      0.848   -2488.550    2046.230
sunrise_day_fraction_utc  -277.6066     68.065     -4.079      0.000    -411.012    -144.201
sunset_day_fraction_utc   -286.8215     23.278    -12.322      0.000    -332.445    -241.198
temp                        21.0221      7.737      2.717      0.007       5.857      36.187
temp_rolling3h             -65.9972     27.024     -2.442      0.015    -118.963     -13.031
temp_min                     0.6871      4.299      0.160      0.873      -7.740       9.114
temp_min_rolling3h          15.8794     14.716      1.079      0.281     -12.963      44.722
temp_max                    -9.6949      3.495     -2.774      0.006     -16.546      -2.844
temp_max_rolling3h          45.0584     12.441      3.622      0.000      20.674      69.442
pressure                  8.231e-05      0.000      0.227      0.820      -0.001       0.001
pressure_rolling3h          -0.0007      0.001     -0.736      0.462      -0.003       0.001
humidity                    -0.2094      0.442     -0.474      0.636      -1.076       0.657
humidity_rolling3h           0.1138      1.413      0.081      0.936      -2.656       2.884
wind_speed                  -0.4096      2.281     -0.180      0.857      -4.880       4.060
wind_speed_rolling3h         2.1545      7.551      0.285      0.775     -12.645      16.954
wind_deg                     0.0181      0.024      0.751      0.452      -0.029       0.065
wind_deg_rolling3h          -0.0619      0.088     -0.705      0.481      -0.234       0.110
rain_1h                     12.3640      9.129      1.354      0.176      -5.528      30.256
rain_1h_rolling3h          -10.5033     30.374     -0.346      0.729     -70.035      49.028
rain_3h                    300.7935    693.686      0.434      0.665   -1058.807    1660.394
rain_3h_rolling3h         -489.8627   1945.228     -0.252      0.801   -4302.440    3322.715
snow_3h                    -17.3890    196.828     -0.088      0.930    -403.165     368.387
snow_3h_rolling3h          786.8891    610.216      1.290      0.197    -409.111    1982.889
clouds_all                   0.3968      0.241      1.646      0.100      -0.076       0.869
clouds_all_rolling3h        -0.8439      0.708     -1.192      0.233      -2.232       0.544
solar_flux_Wm2               0.2484      0.044      5.613      0.000       0.162       0.335
solar_flux_Wm2_rolling3h     0.5581      0.174      3.211      0.001       0.217       0.899
weather_id                  -0.0858      0.048     -1.774      0.076      -0.181       0.009
severity                   -11.1987      5.546     -2.019      0.043     -22.069      -0.328
month                        9.1022     79.262      0.115      0.909    -146.248     164.452
day_of_year                 -0.2939      2.606     -0.113      0.910      -5.401       4.813
date_fraction_of_year       -0.0008      0.007     -0.113      0.910      -0.015       0.013
utc_time_day_fraction     4.469e-09     10.704   4.18e-10      1.000     -20.980      20.980
day_hour_sin              -2.31e-09      5.308  -4.35e-10      1.000     -10.404      10.404
day_hour_cos              5.388e-09     12.955   4.16e-10      1.000     -25.392      25.392
day_of_year_sin             78.5854    697.992      0.113      0.910   -1289.454    1446.625
day_of_year_cos           -675.9637   3088.961     -0.219      0.827   -6730.217    5378.289
month_sin                  -13.6423    210.039     -0.065      0.948    -425.311     398.026
month_cos                   14.6669    166.973      0.088      0.930    -312.593     341.927
ar.L1                        1.1675      0.189      6.168      0.000       0.797       1.539
ar.L2                       -0.2831      0.248     -1.143      0.253      -0.769       0.202
ar.L3                        0.0223      0.075      0.298      0.766      -0.125       0.169
ma.L1                       -0.5157      0.190     -2.715      0.007      -0.888      -0.143
ma.L2                       -0.3681      0.126     -2.918      0.004      -0.615      -0.121
ma.L3                       -0.1161      0.066     -1.757      0.079      -0.246       0.013
ma.S.L24                    -0.6947      0.006   -116.842      0.000      -0.706      -0.683
ma.S.L48                    -0.1016      0.007    -13.643      0.000      -0.116      -0.087
ma.S.L72                    -0.1159      0.006    -18.242      0.000      -0.128      -0.103
sigma2                    4.988e+04    386.169    129.163      0.000    4.91e+04    5.06e+04
===================================================================================
Ljung-Box (L1) (Q):                   4.90   Jarque-Bera (JB):             29362.15
Prob(Q):                              0.03   Prob(JB):                         0.00
Heteroskedasticity (H):               0.87   Skew:                             0.01
Prob(H) (two-sided):                  0.00   Kurtosis:                         8.37
===================================================================================

Warnings:
[1] Covariance matrix calculated using the outer product of gradients (complex-step).
[2] Covariance matrix is singular or near-singular, with condition number 1.57e+29. Standard errors may be unstable.