                                        SARIMAX Results                                        
===============================================================================================
Dep. Variable:                       total load actual   No. Observations:                24544
Model:             SARIMAX(1, 0, 1)x(2, 0, [1, 2], 24)   Log Likelihood             -202164.785
Date:                                 Mon, 21 Jul 2025   AIC                         404433.571
Time:                                         12:44:29   BIC                         404855.092
Sample:                                     12-31-2014   HQIC                        404570.138
                                          - 10-19-2017                                         
Covariance Type:                                   opg                                         
============================================================================================
                               coef    std err          z      P>|z|      [0.025      0.975]
--------------------------------------------------------------------------------------------
daylight_length_hr       -1997.8874    792.541     -2.521      0.012   -3551.240    -444.535
sunrise_day_fraction_utc  6.224e+04    271.558    229.210      0.000    6.17e+04    6.28e+04
sunset_day_fraction_utc   6.216e+04    299.776    207.357      0.000    6.16e+04    6.27e+04
temp                       536.4879     55.740      9.625      0.000     427.239     645.737
temp_rolling3h            -962.7044    168.570     -5.711      0.000   -1293.095    -632.314
temp_min                   -44.3462     30.852     -1.437      0.151    -104.815      16.122
temp_min_rolling3h         218.4350     92.720      2.356      0.018      36.707     400.163
temp_max                    55.4557     26.908      2.061      0.039       2.718     108.194
temp_max_rolling3h         186.9116     82.679      2.261      0.024      24.863     348.960
pressure                    -0.0018      0.002     -0.770      0.441      -0.006       0.003
pressure_rolling3h           0.0039      0.006      0.614      0.539      -0.009       0.016
humidity                    -8.9293      2.635     -3.389      0.001     -14.093      -3.765
humidity_rolling3h           6.9597      7.545      0.922      0.356      -7.827      21.747
wind_speed                 -96.9469     16.038     -6.045      0.000    -128.382     -65.512
wind_speed_rolling3h        20.3910     42.757      0.477      0.633     -63.411     104.193
wind_deg                     0.4187      0.178      2.358      0.018       0.071       0.767
wind_deg_rolling3h          -0.2615      0.533     -0.490      0.624      -1.306       0.783
rain_1h                     -6.8053     61.059     -0.111      0.911    -126.480     112.869
rain_1h_rolling3h           -7.1781    181.584     -0.040      0.968    -363.076     348.720
rain_3h                   2913.5891   3721.293      0.783      0.434   -4380.012    1.02e+04
rain_3h_rolling3h         8935.5109   8698.643      1.027      0.304   -8113.516     2.6e+04
snow_3h                  -6637.1859    556.363    -11.930      0.000   -7727.637   -5546.735
snow_3h_rolling3h          717.3545   1872.051      0.383      0.702   -2951.797    4386.506
clouds_all                   7.2681      1.684      4.317      0.000       3.968      10.568
clouds_all_rolling3h         4.3289      3.473      1.246      0.213      -2.479      11.137
solar_flux_Wm2               0.2210      0.381      0.580      0.562      -0.526       0.968
solar_flux_Wm2_rolling3h    -7.3195      1.036     -7.064      0.000      -9.350      -5.289
weather_id                  -3.7730      0.378     -9.983      0.000      -4.514      -3.032
severity                  -398.1794     43.575     -9.138      0.000    -483.584    -312.774
month                       51.4988    201.045      0.256      0.798    -342.542     445.540
day_of_year                 -3.7299      6.351     -0.587      0.557     -16.177       8.717
date_fraction_of_year       -0.0102      0.017     -0.587      0.557      -0.044       0.024
day_of_week               -290.3861     29.843     -9.731      0.000    -348.876    -231.896
is_weekend               -1168.4031    146.953     -7.951      0.000   -1456.426    -880.381
season                     141.5482    250.015      0.566      0.571    -348.471     631.568
is_holiday               -2589.2731     53.722    -48.197      0.000   -2694.567   -2483.979
utc_time_day_fraction     2945.3735   1629.028      1.808      0.071    -247.463    6138.210
day_hour_sin             -2409.9655   1771.824     -1.360      0.174   -5882.678    1062.747
day_hour_cos             -6365.4763   1423.743     -4.471      0.000   -9155.962   -3574.990
day_of_week_sin            144.2593    127.656      1.130      0.258    -105.942     394.460
day_of_week_cos           -613.6535    134.241     -4.571      0.000    -876.762    -350.545
day_of_year_sin           1275.0380   1519.350      0.839      0.401   -1702.833    4252.909
day_of_year_cos          -6519.4920   2251.205     -2.896      0.004   -1.09e+04   -2107.211
month_sin                 -728.4607    582.766     -1.250      0.211   -1870.661     413.739
month_cos                  807.8256    524.052      1.541      0.123    -219.297    1834.949
ar.L1                        0.9240      0.005    195.518      0.000       0.915       0.933
ma.L1                        0.2130      0.007     30.770      0.000       0.199       0.227
ar.S.L24                     0.8110      0.039     20.931      0.000       0.735       0.887
ar.S.L48                     0.1844      0.038      4.809      0.000       0.109       0.260
ma.S.L24                    -0.5344      0.037    -14.465      0.000      -0.607      -0.462
ma.S.L48                    -0.3590      0.032    -11.255      0.000      -0.422      -0.296
sigma2                    1.409e+06    1.1e+04    127.635      0.000    1.39e+06    1.43e+06
===================================================================================
Ljung-Box (L1) (Q):                   2.71   Jarque-Bera (JB):            365983.25
Prob(Q):                              0.10   Prob(JB):                         0.00
Heteroskedasticity (H):               0.67   Skew:                            -0.10
Prob(H) (two-sided):                  0.00   Kurtosis:                        21.94
===================================================================================

Warnings:
[1] Covariance matrix calculated using the outer product of gradients (complex-step).
[2] Covariance matrix is singular or near-singular, with condition number 5.87e+22. Standard errors may be unstable.