                                     SARIMAX Results                                      
==========================================================================================
Dep. Variable:                   generation solar   No. Observations:                24544
Model:             SARIMAX(1, 0, 1)x(1, 0, 1, 24)   Log Likelihood             -172852.853
Date:                            Thu, 12 Jun 2025   AIC                         345807.707
Time:                                    18:22:34   BIC                         346221.172
Sample:                                12-31-2014   HQIC                        345941.658
                                     - 10-19-2017                                         
Covariance Type:                              opg                                         
===================================================================================================
                                      coef    std err          z      P>|z|      [0.025      0.975]
---------------------------------------------------------------------------------------------------
daylight_length_hr                 98.1537    514.253      0.191      0.849    -909.764    1106.072
sunrise_day_fraction_utc         1987.6514   6175.213      0.322      0.748   -1.01e+04    1.41e+04
sunset_day_fraction_utc          1991.7412   6063.228      0.328      0.743   -9891.966    1.39e+04
temp                              264.6924     10.820     24.463      0.000     243.486     285.899
temp_rolling3h                   -418.9102     29.321    -14.287      0.000    -476.378    -361.443
temp_min                           73.3996      5.495     13.358      0.000      62.630      84.169
temp_min_rolling3h                -21.9286     15.722     -1.395      0.163     -52.743       8.886
temp_max                          -69.7857      5.565    -12.540      0.000     -80.693     -58.878
temp_max_rolling3h                163.4013     15.036     10.867      0.000     133.931     192.872
pressure                           -0.0014      0.000     -2.929      0.003      -0.002      -0.000
pressure_rolling3h                  0.0006      0.002      0.311      0.756      -0.003       0.004
humidity                           -4.4084      0.706     -6.247      0.000      -5.792      -3.025
humidity_rolling3h                  6.8611      1.481      4.633      0.000       3.959       9.764
wind_speed                          0.7405      5.205      0.142      0.887      -9.462      10.943
wind_speed_rolling3h              -13.9340      9.759     -1.428      0.153     -33.061       5.193
wind_deg                           -0.0457      0.058     -0.794      0.427      -0.159       0.067
wind_deg_rolling3h                  0.2372      0.154      1.539      0.124      -0.065       0.539
rain_1h                            20.2718     21.777      0.931      0.352     -22.411      62.955
rain_1h_rolling3h                  27.0209     51.616      0.523      0.601     -74.145     128.187
rain_3h                          1740.5467   1539.612      1.131      0.258   -1277.037    4758.130
rain_3h_rolling3h               -1060.2876   3885.416     -0.273      0.785   -8675.564    6554.989
snow_3h                           232.3047    375.751      0.618      0.536    -504.153     968.763
snow_3h_rolling3h                  86.3672    448.218      0.193      0.847    -792.123     964.858
clouds_all                          0.3482      0.523      0.666      0.506      -0.677       1.373
clouds_all_rolling3h                0.1583      0.825      0.192      0.848      -1.458       1.775
solar_flux_Wm2                      0.7823      0.174      4.490      0.000       0.441       1.124
solar_flux_Wm2_rolling3h           -0.4474      0.450     -0.995      0.320      -1.329       0.434
weather_id                         -1.4167      0.107    -13.197      0.000      -1.627      -1.206
severity                         -126.2151     12.752     -9.898      0.000    -151.208    -101.222
month                              23.1375     40.927      0.565      0.572     -57.078     103.353
day_of_year                        -0.6575      1.303     -0.505      0.614      -3.212       1.897
date_fraction_of_year              -0.0018      0.010     -0.183      0.855      -0.021       0.017
day_of_week                        -4.2264     10.655     -0.397      0.692     -25.110      16.657
is_weekend                         11.5647     46.976      0.246      0.806     -80.506     103.636
season                             -1.8431     45.526     -0.040      0.968     -91.072      87.386
is_holiday                        -13.8927     46.826     -0.297      0.767    -105.670      77.884
utc_time_day_fraction             711.4419    253.801      2.803      0.005     214.001    1208.883
day_hour_sin                      590.4623    153.394      3.849      0.000     289.816     891.108
day_hour_cos                      212.6067    239.714      0.887      0.375    -257.223     682.437
day_of_week_sin                    -3.3764     19.058     -0.177      0.859     -40.730      33.977
day_of_week_cos                    -7.3933     19.430     -0.381      0.704     -45.476      30.690
day_of_year_sin                  -508.0108    249.610     -2.035      0.042    -997.238     -18.784
day_of_year_cos                   186.4325   1384.991      0.135      0.893   -2528.100    2900.965
month_sin                         385.8898    128.481      3.003      0.003     134.071     637.708
month_cos                         -84.1214    100.669     -0.836      0.403    -281.428     113.185
generation solar_rolling3h_past     0.7606      0.014     55.588      0.000       0.734       0.787
ar.L1                               0.5425      0.015     36.807      0.000       0.514       0.571
ma.L1                               0.4439      0.013     34.549      0.000       0.419       0.469
ar.S.L24                            0.9636      0.004    230.073      0.000       0.955       0.972
ma.S.L24                           -0.6853      0.008    -89.474      0.000      -0.700      -0.670
sigma2                            1.24e+05   1471.359     84.308      0.000    1.21e+05    1.27e+05
===================================================================================
Ljung-Box (L1) (Q):                  53.62   Jarque-Bera (JB):             15579.66
Prob(Q):                              0.00   Prob(JB):                         0.00
Heteroskedasticity (H):               0.69   Skew:                             0.02
Prob(H) (two-sided):                  0.00   Kurtosis:                         6.90
===================================================================================

Warnings:
[1] Covariance matrix calculated using the outer product of gradients (complex-step).
[2] Covariance matrix is singular or near-singular, with condition number 9.57e+23. Standard errors may be unstable.