                                     SARIMAX Results                                      
==========================================================================================
Dep. Variable:                   generation solar   No. Observations:                24544
Model:             SARIMAX(1, 1, 1)x(1, 0, 1, 24)   Log Likelihood             -167246.819
Date:                            Mon, 16 Jun 2025   AIC                         334595.638
Time:                                    12:15:23   BIC                         335009.102
Sample:                                12-31-2014   HQIC                        334729.589
                                     - 10-19-2017                                         
Covariance Type:                              opg                                         
===================================================================================================
                                      coef    std err          z      P>|z|      [0.025      0.975]
---------------------------------------------------------------------------------------------------
daylight_length_hr               -525.4952   1382.429     -0.380      0.704   -3235.007    2184.016
sunrise_day_fraction_utc         1.604e+04   1002.725     15.999      0.000    1.41e+04     1.8e+04
sunset_day_fraction_utc          1.602e+04    993.592     16.124      0.000    1.41e+04     1.8e+04
temp                              116.8300      8.512     13.726      0.000     100.147     133.513
temp_rolling3h                   -394.5127     32.237    -12.238      0.000    -457.696    -331.330
temp_min                           10.1130      4.662      2.169      0.030       0.975      19.251
temp_min_rolling3h                 69.3124     17.732      3.909      0.000      34.559     104.066
temp_max                          -54.7189      3.985    -13.733      0.000     -62.528     -46.909
temp_max_rolling3h                285.0459     14.321     19.904      0.000     256.976     313.115
pressure                           -0.0007      0.000     -1.638      0.101      -0.001       0.000
pressure_rolling3h                  0.0013      0.001      0.927      0.354      -0.001       0.004
humidity                           -2.2884      0.507     -4.511      0.000      -3.283      -1.294
humidity_rolling3h                  6.7333      1.780      3.782      0.000       3.244      10.223
wind_speed                          8.8386      2.900      3.048      0.002       3.154      14.523
wind_speed_rolling3h             -101.0647      9.037    -11.183      0.000    -118.777     -83.352
wind_deg                            0.0454      0.032      1.408      0.159      -0.018       0.109
wind_deg_rolling3h                 -0.1823      0.114     -1.597      0.110      -0.406       0.041
rain_1h                            15.0642     11.364      1.326      0.185      -7.209      37.337
rain_1h_rolling3h                  68.1548     36.794      1.852      0.064      -3.961     140.270
rain_3h                          -377.0936    917.347     -0.411      0.681   -2175.060    1420.873
rain_3h_rolling3h                5692.4975   2432.192      2.340      0.019     925.488    1.05e+04
snow_3h                           -28.0400    282.000     -0.099      0.921    -580.750     524.670
snow_3h_rolling3h                 582.0639    865.225      0.673      0.501   -1113.745    2277.873
clouds_all                          0.3871      0.309      1.253      0.210      -0.218       0.992
clouds_all_rolling3h               -1.8540      0.908     -2.041      0.041      -3.634      -0.074
solar_flux_Wm2                      0.3481      0.092      3.773      0.000       0.167       0.529
solar_flux_Wm2_rolling3h            1.0131      0.315      3.213      0.001       0.395       1.631
weather_id                         -0.3489      0.063     -5.575      0.000      -0.472      -0.226
severity                          -38.3604      7.127     -5.382      0.000     -52.329     -24.392
month                              41.5133    106.780      0.389      0.697    -167.772     250.799
day_of_year                        -1.1905      3.401     -0.350      0.726      -7.856       5.475
date_fraction_of_year              -0.0033      0.009     -0.353      0.724      -0.021       0.015
day_of_week                         2.8086     11.347      0.248      0.805     -19.431      25.048
is_weekend                         -9.5949     50.874     -0.189      0.850    -109.307      90.117
season                              7.3880    117.065      0.063      0.950    -222.054     236.830
is_holiday                          3.9356     41.152      0.096      0.924     -76.721      84.592
utc_time_day_fraction              78.2602    138.983      0.563      0.573    -194.142     350.662
day_hour_sin                      263.7099    247.219      1.067      0.286    -220.830     748.250
day_hour_cos                     -409.9743    309.479     -1.325      0.185   -1016.542     196.594
day_of_week_sin                     0.0426     30.655      0.001      0.999     -60.041      60.126
day_of_week_cos                    -5.3060     30.027     -0.177      0.860     -64.157      53.545
day_of_year_sin                  1090.0023   9847.012      0.111      0.912   -1.82e+04    2.04e+04
day_of_year_cos                  -915.9676   8440.507     -0.109      0.914   -1.75e+04    1.56e+04
month_sin                         -53.8562    282.151     -0.191      0.849    -606.862     499.150
month_cos                           9.0735    225.078      0.040      0.968    -432.071     450.218
generation solar_rolling3h_past    -0.1136      0.039     -2.939      0.003      -0.189      -0.038
ar.L1                               0.3228      0.028     11.707      0.000       0.269       0.377
ma.L1                               0.3878      0.018     22.061      0.000       0.353       0.422
ar.S.L24                            0.9627      0.004    260.733      0.000       0.955       0.970
ma.S.L24                           -0.7120      0.007   -101.372      0.000      -0.726      -0.698
sigma2                           7.636e+04    745.243    102.461      0.000    7.49e+04    7.78e+04
===================================================================================
Ljung-Box (L1) (Q):                   6.15   Jarque-Bera (JB):             18562.58
Prob(Q):                              0.01   Prob(JB):                         0.00
Heteroskedasticity (H):               0.81   Skew:                             0.09
Prob(H) (two-sided):                  0.00   Kurtosis:                         7.26
===================================================================================

Warnings:
[1] Covariance matrix calculated using the outer product of gradients (complex-step).
[2] Covariance matrix is singular or near-singular, with condition number 8.52e+23. Standard errors may be unstable.