                                        SARIMAX Results                                        
===============================================================================================
Dep. Variable:                       total load actual   No. Observations:                24544
Model:             SARIMAX(0, 1, 0)x(3, 1, [1, 2], 24)   Log Likelihood             -196205.728
Date:                                 Mon, 21 Jul 2025   AIC                         392513.455
Time:                                         08:57:15   BIC                         392926.773
Sample:                                     12-31-2014   HQIC                        392647.377
                                          - 10-19-2017                                         
Covariance Type:                                   opg                                         
============================================================================================
                               coef    std err          z      P>|z|      [0.025      0.975]
--------------------------------------------------------------------------------------------
daylight_length_hr        -682.3423   7959.764     -0.086      0.932   -1.63e+04    1.49e+04
sunrise_day_fraction_utc  1.923e+05    147.039   1307.641      0.000    1.92e+05    1.93e+05
sunset_day_fraction_utc   1.922e+05    234.240    820.722      0.000    1.92e+05    1.93e+05
temp                        12.3689     30.752      0.402      0.688     -47.904      72.642
temp_rolling3h             -32.0814     76.042     -0.422      0.673    -181.121     116.959
temp_min                    -0.3822     16.225     -0.024      0.981     -32.183      31.418
temp_min_rolling3h           9.1170     40.572      0.225      0.822     -70.403      88.637
temp_max                    -2.2765     14.066     -0.162      0.871     -29.846      25.293
temp_max_rolling3h          -6.0008     37.823     -0.159      0.874     -80.132      68.130
pressure                  7.376e-05      0.001      0.051      0.960      -0.003       0.003
pressure_rolling3h          -0.0024      0.003     -0.722      0.470      -0.009       0.004
humidity                     0.0645      1.636      0.039      0.969      -3.142       3.271
humidity_rolling3h          -3.0875      3.530     -0.875      0.382     -10.006       3.831
wind_speed                   3.1353      8.117      0.386      0.699     -12.774      19.044
wind_speed_rolling3h       -32.6082     18.738     -1.740      0.082     -69.334       4.118
wind_deg                    -0.0898      0.086     -1.048      0.294      -0.258       0.078
wind_deg_rolling3h           0.2235      0.228      0.981      0.327      -0.223       0.670
rain_1h                    -20.0782     33.634     -0.597      0.551     -86.000      45.844
rain_1h_rolling3h           44.3841     82.940      0.535      0.593    -118.175     206.943
rain_3h                   -763.0827   1572.973     -0.485      0.628   -3846.053    2319.888
rain_3h_rolling3h        -1.864e+04   3381.605     -5.511      0.000   -2.53e+04    -1.2e+04
snow_3h                   -166.9000    736.175     -0.227      0.821   -1609.777    1275.977
snow_3h_rolling3h          -78.9934   1500.754     -0.053      0.958   -3020.417    2862.431
clouds_all                   1.6063      0.836      1.922      0.055      -0.031       3.244
clouds_all_rolling3h        -1.1920      1.487     -0.802      0.423      -4.107       1.723
solar_flux_Wm2              -1.1941      0.150     -7.965      0.000      -1.488      -0.900
solar_flux_Wm2_rolling3h     0.0420      0.363      0.116      0.908      -0.670       0.754
weather_id                   0.2444      0.208      1.176      0.240      -0.163       0.652
severity                    30.3989     23.349      1.302      0.193     -15.363      76.161
month                     -245.8144    262.388     -0.937      0.349    -760.086     268.457
day_of_year                  4.2665     12.720      0.335      0.737     -20.665      29.198
date_fraction_of_year        0.0117      0.035      0.335      0.737      -0.057       0.080
day_of_week                -10.9043     35.083     -0.311      0.756     -79.666      57.857
is_weekend                 -57.3375    214.977     -0.267      0.790    -478.684     364.009
season                     -80.7593    301.434     -0.268      0.789    -671.558     510.040
is_holiday                 168.3064     29.336      5.737      0.000     110.809     225.804
utc_time_day_fraction    -1.238e-05    169.636   -7.3e-08      1.000    -332.480     332.480
day_hour_sin               8.35e-06     57.242   1.46e-07      1.000    -112.193     112.193
day_hour_cos             -1.267e-05     34.126  -3.71e-07      1.000     -66.886      66.886
day_of_week_sin              8.9930    144.722      0.062      0.950    -274.656     292.642
day_of_week_cos            -15.8896    144.953     -0.110      0.913    -299.993     268.214
day_of_year_sin          -1.101e+04    2.1e+04     -0.525      0.599   -5.21e+04    3.01e+04
day_of_year_cos          -1422.5786   2791.653     -0.510      0.610   -6894.119    4048.961
month_sin                  -42.3284    884.093     -0.048      0.962   -1775.120    1690.463
month_cos                  -54.8897    769.956     -0.071      0.943   -1563.976    1454.197
ar.S.L24                     0.5261      0.016     32.654      0.000       0.495       0.558
ar.S.L48                    -0.1673      0.007    -24.850      0.000      -0.181      -0.154
ar.S.L72                     0.0350      0.003     11.570      0.000       0.029       0.041
ma.S.L24                    -1.1878      0.016    -73.787      0.000      -1.219      -1.156
ma.S.L48                     0.2320      0.016     14.874      0.000       0.201       0.263
sigma2                    5.833e+05   1894.333    307.916      0.000     5.8e+05    5.87e+05
===================================================================================
Ljung-Box (L1) (Q):                2587.72   Jarque-Bera (JB):            657805.17
Prob(Q):                              0.00   Prob(JB):                         0.00
Heteroskedasticity (H):               0.77   Skew:                            -0.08
Prob(H) (two-sided):                  0.00   Kurtosis:                        28.41
===================================================================================

Warnings:
[1] Covariance matrix calculated using the outer product of gradients (complex-step).
[2] Covariance matrix is singular or near-singular, with condition number 4.25e+26. Standard errors may be unstable.